252
160
151
77
182
62
162
231
145
221
211
131
148
133
4
224
185
214
219
67
230
41
179
102
117
132
188
142
12
32
203
122
108
197
42
123
212
171
159
141
196
146
21
97
93
143
180
78
126
140
124
252
160
151
77
182
62
162
231
145
221
211
131
148
133
4
224
185
214
219
67
230
41
179
102
117
132
188
142
12
32
203
122
108
197
42
123
212
171
159
141
196
146
21
97
93
143
180
78
126
140
124
252
160
151
77
182
62
162
231
145
221
211
131
148
133
4
224
185
214
219
67
230
41
179
102
117
132
188
142
12
32
203
122
108
197
42
123
212
171
159
141
196
146
21
97
93
143
180
78
126
140
124
252
160
151
77
182
62
162
231
145
221
211
131
148
133
4
224
185
214
219
67
230
41
179
102
117
132
188
142
12
32
203
122
108
197
42
123
212
171
159
141
196
146
21
97
93
143
180
78
126
140
124
252
160
151
77
182
62
162
231
145
221
211
131
148
133
4
224
185
214
219
67
230
41
179
102
117
132
188
142
12
32
203
122
108
197
42
123
212
171
159
141
196
146
21
97
93
143
180
78
126
140
124
252
160
151
77
182
62
162
231
145
221
211
131
148
133
4
224
185
214
219
67
230
41
179
102
117
132
188
142
12
32
203
122
108
197
42
123
212
171
159
141
196
146
21
97
93
143
180
78
126
140
124
252
160
151
77
182
62
162
231
145
221
211
131
148
133
4
224
185
214
219
67
230
41
179
102
117
132
188
142
12
32
203
122
108
197
42
123
212
171
159
141
196
146
21
97
93
143
180
78
126
140
124
252
160
151
77
182
62
162
231
145
221
211
131
148
133
4
224
185
214
219
67
230
41
179
102
117
132
188
142
12
32
203
122
108
197
42
123
212
171
159
141
196
146
21
97
93
143
180
78
126
140
124
252
160
151
77
182
62
162
231
145
221
211
131
148
133
4
224
185
214
219
67
230
41
179
102
117
132
188
142
12
32
203
122
108
