1026386440623113691
44398954188792334
768259418306313895
1004157584888474759
989182503073340554
1145514963096908407
471066012589412266
3279296922356937
15969548719454601
768045290212106119
1100015033697697875
444563895587510979
67640680118889625
1090377849741173580
578618484015882593
152093390605017665
39706007068632644
846834187687236490
829009245098925218
466616086282185194
1098544216895861993
26294541803900454
860800906060889646
873974369346144201
414277549472174537
2593008640184753
822184503162673539
905629066082127011
110974315194617944
687851422760974036
893979966556463016
99024923252706356
75250498715860819
517085229270162051
506691268708605424
702456954534605334
556339913394890288
223630494950027518
1026423579549734183
1066252545537002213
570790458975776549
930629987343804615
634801126612888633
699928527809688967
1075457132514915245
613558363419259138
783249794580859682
138988111355163934
247927563534804847
883386171125382910
590134309247751708
494503498829570066
30475793286375393
845877974015089224
900668415563393569
599999894369911000
645052459707068303
418353028441326249
29673829410017304
1024195254325309240
786118883016534411
445029904496050250
534398446336838198
973835727858258358
986412672842320038
1082120110112559341
923709260712692762
1073573466279179744
225365834474398102
476222624482691502
989402724877426307
486922187119306648
514248668021966273
1013079278901292882
723123334566893599
942386291475547580
962438734889741233
423836188131150800
280255758848689279
579495251063547599
341416451878477676
590434270421661983
638041282829756935
624593700426854713
462478129508706554
2769225788373358
1125426268371441609
669924459734557299
834264469500783720
701694096442029479
1088605630541003649
781736193379180115
252697710141309505
501242955931227167
872301239042997003
808234134149508669
367038586878359228
1103508786513344793
491516832318231858
667042913728597280
498856387795984355
1010252992204078119
736381119282786808
231847701785685464
82770249813786142
656036041918315590
1014091255109900856
453737007416909391
64560831459363258
824412481046932813
264511308002446610
455081847720767962
206725415328583232
1067768588960464530
930398359867188163
217699475546657880
230324539862200518
577425907504127037
125263632556217367
56878635365315190
1126396194398985396
844761215164261682
95936589953697092
466514472926669303
763593065736805963
115254138479213850
248434521591482716
376525648112516902
469388871457153800
258492611978213389
729965907336785723
1150780422310158364
1034038413805277070
876073476715028273
927688296297620941
562531142965423700
544798450031987671
580239326930361207
25597988653274493
514682508281264768
668383794841367294
112755646575875281
417525307152915817
805303680029989394
808799170071737359
1099074634420147927
1026964237111849383
359489547480353042
406270746363758381
425142930650521914
129766868956568749
17060858348135139
997859704876308216
569702473732797077
774122142480422190
962250833184514111
817419153563434313
737026649456428285
164304107255837518
316909815313867428
409593751621874364
629281850863892115
887675848922218965
406517371960617111
192970652168431504
94372897099572318
99321276907429481
180197126487200839
814697616701664062
93623326275767472
667911520044424615
736171124686429906
934094856833349682
1093064101052980473
675943352021655772
227559509088387702
385763610584107145
471531676784083255
227601835033384767
459597745930790277
946545340306485142
330177736698299402
1064093315701704852
999227967203671586
207001959598981527
144238713495429914
215606104269155489
519970507282851846
554210836137712784
171593066639706525
250568959542530232
942728619705067445
500539420970090081
769653265528057057
1113553801474515594
886618863712362061
93256717922246894
1099496207421310666
737167049078364742
36361792067170491
1026307426194970188
914283126142314251
361229886346979969
409554570331330488
909574745552178945
832264444243314224
782382473960846364
639910749803993926
1142316006153663563
229950498207405746
318509598685787808
481176755462876579
706529748258786872
942708167215430080
1152588321677177738
774537444524846969
1140940712155573734
555476572181348426
593370471109327368
1007712978853550139
95247603520726880
979209815392976833
50912532267761955
447260823349382858
1046273044028912910
183376615195745751
7122739937941945
921920378624778265
840923100379795853
489227806152398039
334452872723036458
887340785442667486
990340911418880494
316259205801385295
145265877962583253
701166977975903767
707519292073558718
130812672004903037
731451492230308178
975855717795439183
778249299478198827
604477987922021292
857197751522294752
898558580924309595
265835128091299353
910653791777113613
164059891979277481
827961479673959696
166808451327293594
725139376829029581
617399225946245170
342767503331953296
160521911974511490
853516023638004292
1118875358471945571
724681721640988354
480777011630851154
15015173248060105
699644569213477050
46373082665432241
1099287738160266933
366919377813662129
470346898333275598
1145625736483604413
989271796135393755
355661274984696418
93665863938121373
206060720453410146
615942259288465205
728394301285340242
214809114915560152
501192423109496040
1087393713511746058
109873916764770375
888960488685459205
11418333351208349
578507781992245951
569535995722164845
1133204833989387380
531311025589781202
797195547431645644
259050951139042553
297940189577310742
281257195024109019
762923896801337787
746699766918306288
1090787250434286562
703388811852020262
399180969541090832
835721398398252869
897085018558812454
862513292366599291
267079394456994320
537715397256483215
888515869329601529
63417980502166544
893754843596098604
683790981333336984
41500598754307770
922603692664060917
976179556315937950
680655676525171153
794610688665413096
489460717173110936
484431200633807212
398239090366885421
142140697356015167
799205405622871480
1149256059793935380
40170505424435415
606532634318646934
207510472870153209
1029108484690790446
306999731002886502
1055966997121065041
569148445453785003
1128392755260717473
776767178834630946
92862728768158286
290038400047823825
855867896743305487
664020297969092103
112010977199650331
853930704187705194
1085197129863083993
771414472798559035
814915512252677532
23971529614949620
740097542855932304
392789153748121834
814294051348721502
853184673770592697
1090990338541426082
122966558817034857
213782969390736312
1139935891973554005
832906713943912971
1104215443840550451
558792376856676336
628099739624146968
339906064866947064
829124026010825227
99104803867967696
68870206222785372
631318956769187437
995696716579181842
428698933613694005
25936315276964889
276900038795367560
359081316673522354
322690535454693515
412232975154229861
12280685633872972
901278125640819519
874367039565579811
377693821860489991
889638854413552638
458367113939024077
745436116332887255
1051053130985061936
543492003863100101
242472794959090576
296347442612809362
315342666360520011
448766060548355286
1056348258331393888
756643028192984560
200166625887703333
736538663696628234
415806484588282695
222053379809638085
118132947719282806
647278444243225695
880576151175965152
979682730075653899
331551738206867560
373205534868412359
1023821857123379530
734303585370625750
1139151731601482406
503148443780937425
400862610346373991
1078267396321220811
699660237110943471
835143712336377178
210728567667913127
100648144841840484
27747474152716939
352595702060635991
696079069917425612
913269487135882794
1048402125810740730
1095541342262494177
38441893857253700
652451296914911710
1004409183128606442
396937640283441357
876953453059322111
278916812981897752
766214951289952622
335270086369768806
1079135812849698993
50573971271996705
527287789747372402
868198354842741521
344869659869986352
167134001291868850
64327797165908802
680424594090990736
519099853168081473
1092211260647372415
89160019980059750
410752817059935124
1103422114568742136
578236968193161073
1005977021509485699
259795521682099187
420076189427346629
568071723868594215
1024977271410180503
554181669633446872
162089179123565196
1152776441336436314
854595240360886676
934490858253718001
1136105021935976137
1111958754785207929
82227611061680227
898155303889945568
761788533765925721
259819799199429525
749425092775882049
346337558706078775
979510947718286056
717875248145627381
185880212209993657
924182298008414046
492340440369943894
202629647660794878
130335517146736768
44487589172142929
