311839513376461312
248778582312942272
200944438244942784
155311686504827744
65158655997282248
37092577714045544
185070310410984544
-209318589952014944
-1703459248655264
209333339348744352
128882338829781504
133786307865216000
28324653684655048
123920319960974624
-29889667315632212
302438918345309888
64284158160258176
170876283204413376
81560548778792576
179039238333412768
297066554988534400
251071788600488512
245011073045120032
19245282416808868
189390387214357984
-203951869084713184
313240360413586688
-291033848323194560
-124009474736817328
89662063001060704
38757229849724496
52738565154742528
43509104015971168
86938314972592080
126661414782601472
-31505793145196288
3182569743832615
-43768651005435736
56440212973261032
-98102807603083696
85255772052902096
211068474558167168
201487362216653088
25550577067782128
-114010926632527872
-73564496500684752
26615822116241784
-32333967658169912
61067874558727696
196718885644322144
-133798643234599296
15145477571672774
83657901983802528
167637225462404480
-45023724647816240
20822708286463176
61447280827154064
69438987457333168
95684426801995296
111562827036450576
22611093360655476
260838359992219520
68758127454950168
217830918457909536
107713659899190048
150265589180422240
80535682647244560
112776988387031200
-164133279753526016
327811626418619392
-9518774142297844
73650380727261616
-24835266276109212
-9026723019554774
34600345646491336
401495929176359104
4082351431908753
69225465664576360
265055945165273024
-57001463359943864
-33611403042272868
109093761004591744
54232682705600792
181882650784671616
133371542951216480
138322585420433744
-115118636116473616
-144560724910282816
89974545043810336
-77951279684454112
12756573585767914
102687818982520496
22477930844276668
68286795019324216
16200954712159398
263395850974415360
58215393127231000
358787906342722368
113531396090086000
10068733872741634
71239797672420648
17703100982459204
166335464283644960
-39296481074623024
208081728296889568
159139643317830912
204880491558446848
122922002373775536
47540798504176912
333889842406272448
105326861253140992
-40698885008068824
155134469376228896
163214581848874848
245999397765859296
139931008718421152
87551277303849360
106776728660694320
237256947114928288
84161927037124240
-21706884478157484
217682905729645920
187854408978934144
8768535472666663
-222922773832192032
24826708891762480
35664734741807460
-36551929087716096
-56372617473057672
-168690412275223680
327187365870055936
-2190894065614444
15439935507087436
-17577861742745674
295179533758116800
176688630000819616
70529297136507440
101468263872943856
248915204059125056
91185399762279104
261615970746943712
468675983990386816
32824958228180792
-79709157393037776
187301505923951488
-224859319362496064
124206550863645344
146367012306731648
-158104256864559136
16418393723956532
136650199737446208
114635256529924400
-41906970091819728
17611327464867618
31141871473832556
314806913772093376
144607427811172256
115064873777294608
154955660552779072
168062814384750144
439479784949376256
87153333522352944
29139766076921972
-40198001290111512
-20614786322089472
52000789216521344
70756913353897808
163572890763785408
69171386374977560
-153876857609711488
204483081951142880
39501982859472832
-51765803146328208
-39882364111783416
229702198354990624
-37846595471151552
69580108985989552
204064598210631552
81287867882558032
127647171013907056
228898105862094688
83266642496538880
4600394504411791
97742030122648320
48675657118624232
-83863646743361360
241830769858918048
192967940637704000
173339366720829216
-23394043616687876
215173071143899936
118621108548137360
192622082604157504
-277316068532895104
16571608725045090
127248330134980064
379163403232563648
6826397013929233
-13390762728362784
222618575878296224
32801335510233584
213774812875276032
102223164773970416
95916655199373120
38381353281829704
-130483139746880560
124350595619303792
-21875283753735556
195415336890281344
26378242199627060
236740224803564480
233112762308492320
-1915355457742234
162907043200169952
-17044699652204538
355609551813229504
-29775269112041212
-31067233134943384
47519917565680360
228686466936867360
57614424465064008
117890174946891872
134171537050757824
87297394359205456
131061411373819632
226286450069153120
184070502031271136
329600941646357504
-318252012736574848
133708929264145360
19997644169815784
217140417966096384
163278250105699840
251183887722531680
178973512443991072
120848630261401216
-33629453785147052
83879675154586112
227841731701089632
99320361992007280
58160887080492168
214576486475807040
168103282697584320
179315646412670112
130073874462569776
58370790470362600
-24002840252596620
-146683645213052192
107858175253182064
-182298615025808576
88658584464188944
194534294542948416
151636878573957120
99225389163927984
-121774165315826560
-102939198175527808
343624703657674368
34343296831052388
103166334364850240
157900347312761472
58695643701779792
4740011815053008
69130292994946576
25658420351644560
219404441495151168
85347831008931104
349657957969606272
343182062084258752
102216657309062880
-192625960275289568
152002874516868544
-190749954214450656
120378160691976624
236204715369200032
-177260856527060992
247804260093073376
84518666499968496
60617694157311792
75317819567356160
72815997357133424
360440436098615232
76428036990703920
150736525363070656
11478690146093616
125265163436315968
68087324015994816
37251023129914032
255350514951865568
89332217395291040
128185700253300032
301034702201891264
148701001233768480
9670472085574102
-6063160054370934
178973207183946144
142705647695533568
259800137060735072
136642638603469024
-121627311372163008
38998170611877576
129371757335317504
128837012898241504
127261435910214080
-24884701970763012
53272731367466344
239192062432560512
207093558193081088
93672327712957408
-7998529448970836
-14560456026568954
-79400152901919136
-57897577394846368
72500621745619104
-4492900597855163
153133049407335808
201772373362737088
-50943432456139976
180474748846676992
61975118451305664
273184882870226592
265307571508028640
97959853113573904
43575079310365160
224287715839336448
128641325107996320
400310707893197760
342028934807302720
301969911766396928
38684982029517856
51799053665844512
208006418946237632
254172045320100384
-160514026709257152
217418650141620544
-210653013554462272
199939468965698144
145316019753951968
-56631308614613824
209423410573126592
46853714286590792
52702925676638248
-11311974180294284
2039807963607303
-41884326797951936
151164868255128768
112584624096123456
88920727420146640
49600831105393528
137346486598965408
393232859529180928
135250340950884096
-78587561279358368
128271426747011840
-261441015287947712
-120807274080647520
-264507540264630176
237493457205001856
92062960937272672
90373666116029136
197545146990367520
-143113855081387952
128374484548901136
-64457063766682904
142643614820088144
227095834736752480
277606144377929728
12670216931946152
189413967624901120
153458620594585280
679115931609041
-23195827851466100
-21747998309546248
-64234938740153632
-173714429528936064
95160170406045264
-257813384044352512
196349944108541344
129445447769007360
146146906153028704
28351895492783208
74806223221808336
-74851722209876496
193949726789532768
145587689184536384
89234217561574656
258579619845433472
235010038674866304
95667951923070176
121637775804108192
227960019959500352
71610532281296784
131921599608287456
265657551047359744
210294898993351168
109746786529822592
-214390842319737792
-24492870411365536
37583763212593920
143841088511970496
228283632457849536
160455792244188544
113590618275230832
187897708323541696
60811149348421512
87087596571823584
84402059091584352
-12310550188324736
40778019894717920
46555578507044424
140419437153301664
-52223695543551424
-7506613224012039
33185300319922012
-97585171566205424
-376274422126433728
-184687384621548736
-113719947000414848
149137597046433152
156132168628829664
231866779810748192
297135974330086976
226515906498192576
110855671751410752
199228263427317536
-24009236991564416
-3751135891334529
157900319270204800
406294361181415424
-25729099720931100
-54273324453455472
115733930045159184
-135750433868332176
-125065480167391072
-132500456309687760
-146180823565140512
-124098847805328448
142128802935983152
34820831354109476
165364349312012064
212690184019320896
305170715271763712
