0
-16
0
16
64
112
32
96
-96
-64
-48
128
-32
256
288
48
96
-128
32
32
-32
0
0
-16
32
-64
-112
-96
-80
-96
64
16
-176
-128
-176
-80
0
-128
-48
112
112
32
-16
0
32
-48
-16
128
-48
-64
64
-112
-112
-240
48
80
-48
-80
0
-176
320
128
-16
-16
48
48
80
112
64
32
112
-80
-48
48
16
-336
-144
-240
-128
208
144
176
-112
-32
32
16
80
48
112
64
48
96
-112
-320
48
-96
-96
-128
-176
-96
-80
-80
128
112
-112
80
64
80
96
-64
0
-176
-64
-32
-48
-16
32
-112
-128
-224
-160
-224
-144
96
192
-272
0
0
-32
176
-208
-128
-16
112
-16
80
-16
96
-128
-16
-112
-128
-224
-176
16
112
48
16
-96
-64
-64
-64
-112
-192
64
-32
-64
48
-48
-224
-128
-176
-112
-256
-288
-80
-64
-192
16
-272
-80
-240
-96
-192
-64
64
-48
-32
-160
256
-144
80
304
-368
192
-224
32
-336
-48
-144
0
-16
-176
96
-48
-416
-48
-80
112
-144
-16
176
304
176
-112
-80
-256
-176
-32
112
-48
48
-80
48
-352
-112
-32
176
272
-32
-112
480
432
272
288
256
-80
-192
-240
-144
-176
-64
-272
-32
80
-112
-192
-128
144
80
288
544
320
160
272
32
-32
128
-48
-256
64
-64
-128
-176
-96
64
176
-160
-16
-208
-16
16
432
128
128
-16
80
192
32
-128
16
-208
16
-32
-64
-96
-96
128
-32
-80
-304
-96
128
176
416
192
48
64
-48
-224
-64
-64
112
32
32
-96
32
-400
-288
16
-96
176
-80
240
-176
-16
0
48
16
-128
16
-48
64
0
-48
-112
-48
-64
16
-304
192
0
32
-48
64
240
64
-64
144
-96
80
112
-96
-16
-48
64
-32
-16
-160
32
-96
-176
-112
-112
0
-16
-32
-176
96
32
-80
-128
224
144
-16
128
-96
96
-16
16
64
112
-96
-16
-96
-96
48
32
128
-96
64
-64
-48
80
128
128
112
-16
32
112
16
-64
0
-192
-96
64
-160
112
-48
160
-80
112
-16
48
-16
176
80
16
-80
-16
-16
-32
-48
-32
0
-96
-144
80
-256
96
96
-48
48
192
48
-16
32
-48
32
-32
-16
-48
16
32
-16
16
112
64
0
288
-96
240
-128
112
16
32
-144
16
-96
0
-16
-176
-176
-144
-144
80
224
-352
-224
-96
-480
128
-176
-144
320
176
-48
-256
-144
-176
-160
-144
-176
-144
-48
16
-80
0
-144
112
-96
-80
-240
-240
208
-176
-144
-320
-208
224
-48
96
-160
-144
-32
-48
-160
0
176
16
-128
-64
-16
-512
-208
560
-672
-608
-144
-16
176
160
64
16
-192
-144
-48
48
144
288
-240
288
-272
144
-416
224
-576
-16
64
176
352
48
80
80
-80
-64
80
128
48
272
-96
96
352
112
0
-144
-432
608
160
640
-32
80
144
32
-32
-48
16
0
192
-32
80
192
304
80
-288
80
-256
-64
688
144
-16
160
-240
160
144
-176
0
-80
32
16
224
160
80
96
-240
48
112
304
-336
-320
-128
448
-48
16
80
64
192
16
-48
-96
16
-144
-48
304
-272
-400
208
-160
-48
-144
-48
-16
96
32
-48
224
128
80
48
-304
-16
16
-16
144
-112
0
128
-16
-352
-144
-80
-512
144
240
-112
160
-64
-112
-16
-64
-16
32
-144
-80
192
-112
240
160
32
144
-160
192
-64
-48
128
-16
-128
112
128
-32
48
-80
-80
-112
-80
96
64
224
144
128
-64
-80
-256
-96
-208
0
-448
-16
224
176
-176
16
-96
-32
-176
80
0
16
240
176
-128
-224
-32
-64
-64
-240
-48
64
96
-64
208
16
-16
-32
32
64
256
-192
0
-16
80
-96
-160
416
192
48
-16
-256
272
48
256
-80
48
96
64
-160
32
112
-64
-16
-48
240
-16
-160
-208
-80
-16
128
64
176
48
16
112
64
-64
16
112
-80
16
-128
-112
240
-368
-96
-32
-512
96
-352
192
160
192
64
352
16
32
32
-16
96
128
-144
112
-128
96
80
-384
-560
240
-208
128
448
-128
16
48
96
-16
160
-96
-112
-224
64
112
192
64
144
16
16
32
112
-128
16
240
272
144
-48
144
128
16
-64
-80
64
48
80
48
336
-160
-64
656
16
-160
-288
-336
288
192
176
112
48
-96
80
0
-128
0
-80
208
-32
-64
32
-304
-32
-128
-272
32
-336
-224
48
-368
48
64
32
96
-144
-160
48
-192
0
-336
112
0
-480
576
-192
-240
-352
-480
-208
-464
48
-144
48
80
-112
-160
-192
-160
-48
16
336
-80
432
608
160
-64
-368
-416
432
-480
224
-224
32
0
-112
-144
-160
-48
-64
-48
-32
-272
-224
112
-160
-160
64
-144
64
-144
-128
32
16
192
-112
0
-48
-64
-48
-64
48
-80
-160
-48
0
-192
112
-128
144
-64
-176
208
-192
-240
0
-80
-48
112
-32
-96
80
-48
160
128
-48
-32
-48
-112
-96
-304
-48
-592
-176
192
80
-32
32
80
48
80
-48
-16
-80
-16
80
-16
96
-256
-176
-224
-16
-160
-144
-96
192
-64
304
-48
96
-16
48
16
80
-112
48
-96
-112
-96
-224
-32
48
-160
80
-224
64
112
240
-16
-256
192
-96
-176
-128
-16
-64
16
64
144
336
-32
64
144
16
-192
-128
0
-224
-16
-32
-192
128
-112
48
64
0
112
128
-272
224
16
96
48
144
-128
-96
112
-144
-32
-224
16
176
0
-48
-16
-112
176
48
128
48
320
224
208
64
224
208
-144
-240
272
-32
320
112
-48
-16
176
-160
144
176
208
288
-176
208
-160
-256
352
224
96
-96
-16
96
-320
-208
32
96
64
80
240
0
-112
256
240
-352
496
352
112
560
-112
-128
-256
128
-336
208
32
-16
-80
112
-112
16
160
64
-64
48
384
96
256
240
-16
224
352
-208
80
-64
-112
-48
-96
96
-368
16
144
128
48
192
-64
32
-528
-16
0
-144
0
208
-48
-64
256
128
0
-128
-64
32
-16
-336
-96
-64
-48
0
-64
64
272
-288
288
-208
-176
-32
112
-80
-16
96
64
656
128
-48
-192
112
160
-160
-160
336
-80
-48
-32
-96
-112
-176
-256
16
-64
128
176
48
256
160
224
-480
-160
64
-352
112
-368
-128
256
-208
-48
-224
-80
-256
496
-16
-144
16
-208
-448
-144
48
112
-16
-48
16
160
144
-32
-256
-80
-144
80
-48
-208
48
-288
192
0
-240
64
-432
-432
-208
32
-176
-16
0
-176
-80
-32
48
112
240
-208
208
-32
-608
-80
-512
192
-928
-496
-48
-416
-80
-32
-128
-32
-48
80
32
0
-208
-320
176
352
112
-48
-16
-64
-544
-528
-560
16
-80
32
112
-176
0
-192
-32
192
-64
-96
-80
32
208
48
-560
-64
0
96
-320
-368
-272
-80
-48
-32
48
96
144
0
144
-16
352
48
64
144
80
144
352
-144
-64
0
144
-224
-128
-80
-64
0
224
368
112
176
128
-80
192
256
320
-144
-32
144
-16
-64
256
128
-144
-96
-128
-144
-112
-176
-32
-128
-128
0
48
0
-16
32
-48
80
64
-112
160
112
-16
-96
-96
-96
-80
-160
64
-288
16
-96
16
304
-240
-16
64
-80
112
-144
-32
0
96
-64
16
112
-96
-80
64
0
32
-288
-128
-32
-32
-128
0
-144
-96
-112
144
0
-80
0
192
256
272
-64
-80
-32
-96
-176
-160
-64
-176
128
-96
0
-384
-128
-80
16
-32
240
80
224
-112
-16
-80
-48
192
-320
-208
64
128
-176
-320
208
-192
-176
-48
-160
384
-144
-48
-80
48
464
80
32
-64
-80
-48
176
-96
-224
240
-192
48
336
-32
64
-160
-176
48
256
-160
112
64
-128
-128
48
-16
-48
80
-48
-368
-384
-144
-128
-32
208
-64
-96
336
128
128
-32
128
-176
-32
-112
-128
176
-80
144
80
480
352
-16
-128
-160
48
-32
-96
-272
144
-16
64
0
-80
80
48
128
384
-208
-96
-96
144
144
-32
0
224
-144
-128
-224
96
48
-352
-16
-128
-48
192
96
80
-80
256
160
64
192
80
400
-208
128
112
-16
32
-224
-80
-144
-48
-64
240
112
-112
-192
128
-64
-144
128
64
-272
-144
-240
48
48
-224
64
-80
112
-96
-32
208
-48
48
176
128
-320
32
208
256
32
32
128
-96
-272
-16
-144
-288
0
-32
80
-48
32
112
288
-192
368
-64
-32
0
-32
-112
464
-64
128
-256
64
-16
32
144
-192
-64
-384
-176
208
-224
-48
-272
-80
80
-512
-288
64
16
0
-240
48
-64
112
48
-16
-224
-32
-48
-128
0
256
-224
96
352
48
608
320
-256
48
384
256
208
-32
-48
80
64
16
48
-128
80
32
0
-32
-144
-80
144
208
-144
-336
144
336
16
-80
-16
80
32
64
48
-48
-48
112
32
0
-304
144
-112
48
0
192
240
-144
288
112
16
208
256
-256
-192
-208
-96
48
240
64
384
-128
-128
-160
-256
-128
-352
-240
-144
-496
112
-224
-16
-128
-208
-32
96
-96
112
-48
-32
48
-128
-192
-80
16
-208
32
-256
96
-352
64
-304
-64
80
16
-48
-128
80
144
96
160
-64
-128
32
32
-144
48
-112
48
144
-64
-96
32
32
-256
128
192
160
48
48
0
-80
-80
-144
-96
-64
64
48
-128
-112
32
96
16
-32
240
-32
64
-48
128
64
64
-112
-64
-80
-80
-80
-32
0
-256
112
0
-144
416
-80
192
208
-32
272
464
0
-384
240
-64
-80
-80
-32
-64
64
64
-208
-64
-64
512
304
48
144
192
-32
-176
-16
432
112
-160
-128
16
64
-128
-96
32
-64
-176
-192
-144
-160
288
-112
416
-576
-64
80
-224
208
-176
-240
176
-288
-112
-32
-256
-96
48
-192
-16
-32
144
160
-128
480
128
-368
-192
16
-112
-384
-16
-608
256
-64
-64
176
128
-64
-96
96
224
272
176
368
16
208
512
0
-112
-80
400
-704
-64
-64
16
-64
-16
144
-48
96
-400
-48
-16
208
-176
224
432
528
448
-64
-48
304
-96
-32
48
-144
-80
-32
-128
-64
-160
96
-64
416
64
352
400
240
-128
-752
0
-64
192
256
112
-288
-192
-96
48
16
32
128
-352
-400
16
-208
-160
0
64
-272
16
-112
320
32
128
-176
176
96
16
-128
-80
0
-256
-32
-224
-288
-336
32
-224
128
0
-144
-368
-304
80
16
80
48
96
112
-16
48
-80
-48
-80
-432
-128
-384
64
-128
-144
-208
-272
16
-16
48
-144
-128
-16
-208
-64
0
16
0
-16
-176
-240
-128
-80
64
128
-352
64
-176
-160
192
80
32
-160
-304
-128
112
-16
-176
-144
-32
48
-144
-256
-96
-48
-208
-192
32
272
-112
-336
-192
-96
-352
-352
16
-128
-112
-96
-64
-48
-192
-192
144
-48
-80
-64
-224
-208
-160
-192
-176
-400
-240
-240
-160
-288
-208
-96
-208
-160
-96
16
-160
64
-48
-160
-16
-96
-144
80
-32
80
80
-48
-272
-208
176
-112
-80
144
-48
240
48
16
48
-160
-208
16
-80
-96
-32
-96
-304
-16
-32
176
64
224
128
-112
-144
96
112
80
80
128
48
48
96
-112
144
-64
192
32
80
128
-48
112
-192
-16
320
80
-32
32
288
112
144
128
208
352
-80
-64
176
320
240
16
240
176
80
-48
-48
-48
144
64
-48
176
64
336
352
-16
32
96
-16
176
48
-96
-16
-64
-64
-256
-80
-48
-160
64
272
176
80
-32
-128
48
-160
-128
-144
-80
-128
144
64
-16
-224
48
-224
-112
-64
112
-80
96
-112
0
-400
48
-96
-16
160
-272
144
-32
-240
-208
-240
-64
384
48
-48
-96
-32
-48
96
48
-128
384
688
-16
352
-48
80
160
144
-48
-224
-160
-448
48
-64
-96
-80
-32
-80
32
-16
256
96
128
176
320
-128
-16
176
-112
-176
96
80
48
-240
-112
-112
-80
-48
-32
-16
48
32
-80
16
-16
112
112
48
-176
192
48
208
16
80
80
-160
-160
-64
0
-96
-112
16
112
-64
64
-144
-208
112
304
112
-176
96
0
128
288
-480
-304
-240
-64
-80
-128
32
16
80
-176
-16
-160
80
-304
208
288
352
32
16
-736
-480
-208
-240
-48
48
96
-128
32
224
-96
48
128
112
-176
-416
224
-432
336
-480
-48
-208
288
-480
-832
-16
-96
-48
192
-64
-176
240
32
32
16
-48
-288
-16
-400
-192
16
-160
-672
240
-384
-592
272
48
48
48
96
160
-144
160
112
-144
-16
-48
-256
224
272
-400
32
-144
48
0
208
-352
32
-112
0
0
-176
-144
-416
-176
-176
-64
-176
-240
160
112
320
-416
160
-80
320
-112
-208
-256
160
-192
32
32
160
-144
-176
208
-112
-32
-96
288
96
32
160
-32
176
144
384
-96
160
32
-224
-48
-128
-112
-224
-192
-176
-128
-144
-352
-96
320
112
304
496
256
-32
80
-368
80
96
-64
-16
-96
0
96
-32
-112
192
96
336
-192
128
160
224
64
48
144
176
256
-208
128
-48
16
176
208
16
32
-176
-176
-320
-192
176
16
-240
-96
128
0
192
-160
-80
80
80
-128
-288
-224
-160
-96
496
272
112
-336
80
48
144
384
-208
-128
-320
144
80
240
-48
144
192
208
-432
32
-80
144
-16
48
-240
-96
-80
112
-32
-80
64
-80
32
80
-16
16
-304
256
224
624
64
-128
-64
-48
-288
-336
368
96
32
-240
160
-80
64
128
128
64
128
384
-112
-304
256
-240
144
-64
-16
96
-16
64
0
64
-32
-16
64
-48
-16
96
-96
112
-32
-240
-112
-176
0
144
-352
-256
80
-32
48
208
-32
-48
-64
16
80
-128
-32
-336
208
80
32
80
-272
-480
-320
-176
-512
-144
16
-208
-160
-160
-64
-192
96
-32
-96
320
-16
-48
0
32
0
-304
-112
-128
0
0
-64
-96
256
160
128
-16
0
-64
64
-32
-320
-96
-80
96
128
96
96
-128
80
144
128
-16
64
16
192
-32
-32
32
176
-16
-48
0
-48
-96
-96
-64
64
16
-16
-32
-224
-64
96
-256
320
80
208
-48
-32
64
128
80
-128
-96
16
0
0
0
-48
-112
-176
-304
-224
-464
0
-400
-128
-384
-640
-112
-256
-112
-32
-16
32
16
16
-16
-64
0
0
64
-192
-656
176
-304
-208
16
-752
-32
-448
-304
-384
64
-240
-112
48
0
0
48
-16
144
80
192
-96
32
-320
176
-176
256
-176
-304
160
-160
-352
-144
160
0
32
160
32
144
144
-48
-48
-112
16
240
176
32
64
0
176
-48
208
80
80
-96
0
-48
96
160
176
-48
32
208
144
-128
560
96
-128
-224
-48
192
160
336
208
288
48
16
16
0
32
0
-160
0
-112
160
-160
-256
0
-16
320
272
80
-32
144
160
208
96
0
-64
-96
48
208
-176
48
352
192
16
-80
128
32
240
-32
208
192
96
112
64
176
48
-112
-32
16
-16
64
-128
96
-192
112
-16
224
144
-304
-48
-144
-112
112
144
-80
176
-80
-80
-32
-144
-16
-224
-160
-64
48
80
-16
16
128
-80
288
208
0
-448
64
-32
0
-16
192
32
-112
176
-144
-384
160
-352
144
240
64
16
80
-432
-336
96
128
-176
-32
112
-96
-32
0
16
-320
144
-400
112
-112
80
-80
-128
-288
-48
-32
144
-16
-16
80
-112
-256
32
-32
0
0
-224
-16
-400
64
-16
-128
512
-256
-432
32
-160
160
64
-240
0
32
128
176
-112
48
176
160
16
-224
-352
-96
128
-32
-96
0
96
32
-336
-256
-256
-224
-160
-208
192
16
16
-64
48
-32
-112
0
-48
-96
-160
-528
-48
560
-208
-16
-224
-208
-80
48
-128
176
-48
240
-240
128
-240
-224
-400
-64
-416
240
96
192
-320
320
-80
32
-160
-64
-32
-160
96
-32
64
-64
-160
176
-64
-528
-224
-208
384
16
-368
-208
176
-352
-32
-160
80
80
32
-80
272
128
80
304
-352
-464
-16
-352
-240
-304
-160
112
-336
-208
-224
-192
128
112
64
128
-16
112
-64
160
-48
-48
80
-48
-272
-96
176
-96
256
-48
32
272
-16
208
160
-64
-16
0
-64
48
112
-64
96
0
-320
272
-96
336
112
272
256
32
-48
224
240
224
144
0
16
96
80
112
224
-32
336
0
192
544
-208
112
80
176
240
192
96
-192
-16
16
32
16
0
-48
-208
-48
112
-128
-256
64
-416
400
-496
272
176
112
112
64
160
16
32
0
-32
-32
-176
-80
0
-16
-176
-192
48
160
-80
-272
-128
-304
-400
48
-64
64
-80
-80
-32
-32
-112
208
48
-16
-32
128
80
-32
288
160
176
32
240
224
-192
176
160
96
-64
-32
-48
-80
112
48
64
-80
160
-16
-256
272
352
240
224
48
32
128
16
224
112
-16
144
-96
-448
-112
-320
-16
-80
272
48
288
192
-128
288
304
80
160
32
-128
0
-64
96
0
-64
-288
-336
-48
-160
-256
-80
-144
0
-368
-128
-160
-336
224
-112
-64
80
32
80
32
0
-176
-96
-384
-128
-64
-272
-288
-16
-192
-400
-48
-48
-304
-144
-176
-48
176
16
-32
144
96
-224
-208
-128
-384
-304
-48
-176
-256
-304
-384
-448
-208
48
-144
-160
-48
96
128
0
32
-32
48
-16
-64
80
0
208
208
-208
32
0
0
-336
128
-96
-64
16
-16
208
-128
96
-64
64
-96
176
160
208
16
272
0
-240
448
16
240
80
0
-160
16
-48
80
-96
-48
0
176
-368
-112
208
96
48
368
80
160
96
-160
0
-16
-272
-192
96
112
-64
144
-112
-240
-160
208
128
112
48
0
-128
96
352
-208
-144
176
-64
-128
-192
32
32
-32
-64
16
128
96
-80
144
208
-176
-320
-240
48
352
-48
32
-160
16
208
80
48
-80
144
-176
64
-64
0
16
96
64
112
-96
272
-640
128
32
256
-64
0
-144
64
-48
-16
16
32
-128
-96
-48
-192
240
-80
544
336
208
192
272
192
0
176
16
-224
-144
80
-80
-128
32
-160
256
96
144
144
32
-624
224
176
80
224
480
-144
32
-192
-80
-224
-272
-80
16
-64
-64
112
96
96
272
16
0
112
112
48
80
-128
-160
48
144
-48
-32
32
240
0
-240
80
-144
48
144
96
64
-320
64
64
16
0
-48
224
0
-192
272
-128
176
-64
192
16
48
352
-32
-80
48
-48
0
32
48
144
400
0
96
0
-128
0
64
-176
272
80
-80
-32
0
-176
-240
-32
-176
48
80
32
-160
16
160
128
16
-64
192
64
112
-48
160
160
-80
0
-48
-48
-48
0
-64
160
-240
32
-352
48
-80
-160
160
16
-192
-48
144
48
176
80
-16
-64
-96
-272
-128
-272
96
-496
-560
96
-368
-80
-544
-256
-560
-400
-224
-192
160
112
-32
-32
-16
16
32
32
64
-240
64
192
32
256
32
208
224
112
-48
-64
32
128
16
-48
-64
-16
32
48
16
128
-16
288
64
48
-96
-144
-176
-64
-80
-64
464
-80
-160
-16
-48
16
48
48
80
128
-48
128
128
16
0
-32
96
80
176
272
-176
16
-176
-64
48
-192
-96
64
80
-16
-48
-96
-48
-16
-144
112
-96
160
-320
176
0
-304
-304
-48
-160
144
224
-48
80
-160
96
0
-32
96
-64
-176
-128
16
112
-288
32
-304
-112
-192
-224
-176
-224
-208
0
64
16
-128
-176
-64
144
-48
-176
-160
128
240
256
-272
-384
16
-96
496
-272
-192
-224
48
96
-144
288
-80
112
-32
192
48
-112
-224
-208
368
0
-80
-80
0
0
-320
-480
-240
128
144
224
-208
-192
-128
-560
-32
-400
-192
128
-272
-224
96
400
0
-80
-304
-160
-272
-32
112
192
16
-416
336
368
0
176
0
-288
-464
-48
64
-304
-208
-304
80
-224
-32
-160
-112
-96
-208
-32
-80
-416
-48
-96
-192
-176
-560
-304
-64
272
-80
-304
-272
-144
48
-208
144
-16
-144
64
96
16
144
-16
-304
-96
-80
-384
-48
-336
-240
-144
-80
-192
-16
0
-192
128
176
-16
0
-96
256
-16
-256
-144
176
112
-272
48
-544
-80
-128
-256
-256
224
80
16
176
192
-144
176
-64
64
96
80
176
144
-496
-208
-208
-80
-224
-320
96
352
-128
192
-128
208
160
240
-64
-112
48
-96
400
176
-48
-448
-240
48
64
-144
-192
-288
-48
-112
304
80
64
-48
112
192
32
-384
-80
-800
-416
16
-240
-368
-112
512
288
-288
272
320
368
-48
128
-160
-48
-128
-48
-32
-112
-128
-128
144
256
-80
-288
272
-48
-144
224
-144
176
-128
-160
0
240
0
112
80
64
-128
-16
48
-256
-288
304
-160
-432
-368
-208
224
-80
192
32
-112
144
208
-64
272
32
-176
32
96
-192
16
32
-432
-144
112
-16
-128
320
-176
-32
80
-64
144
96
-128
16
144
96
48
-96
32
-32
-176
144
-64
-16
-304
-416
96
48
-160
-80
96
-32
144
96
48
-16
48
144
96
272
16
112
176
-192
-384
32
0
-128
-112
128
-128
48
-80
80
112
0
0
-32
64
-176
80
-240
272
160
-32
16
-96
208
-144
240
-144
-96
64
-96
80
16
-16
-80
-80
32
-32
112
-16
0
208
-160
-208
128
-336
304
-48
192
0
16
-32
0
-16
-80
-128
0
96
-48
-32
96
32
-96
0
-128
-144
304
80
496
48
160
128
-128
240
32
48
-32
80
-64
16
64
240
80
-128
224
128
144
176
-80
208
144
-192
96
96
64
208
64
-48
368
160
160
192
32
64
16
176
-400
-240
-480
160
-256
-64
32
288
32
416
-16
-16
80
176
80
128
64
240
32
-272
48
160
176
-144
-448
-288
-160
128
-240
320
144
160
48
144
160
224
80
-112
352
112
48
352
80
144
-80
-432
-272
-192
96
-96
48
96
-32
128
112
64
32
64
288
-48
-128
-144
32
-352
-384
-48
-256
64
-256
-208
-144
-208
-16
128
128
32
-224
-176
-96
-192
-336
-240
192
-352
32
192
176
96
96
-240
-64
-32
-64
80
32
48
-288
48
-336
-192
-240
288
112
-336
144
-64
96
-288
-96
-16
-224
-224
48
-192
304
-16
-64
-288
192
0
-192
-16
-336
-176
-304
-48
368
304
256
-16
-224
48
-64
-128
112
-256
-160
368
64
-272
-144
-224
0
-112
-304
-288
-176
320
96
-288
64
-304
-288
-96
-48
160
0
-32
-80
-240
96
-16
-320
-80
176
0
-560
-112
48
-64
80
112
-592
-32
-352
-192
16
32
48
-16
32
-48
32
-160
48
128
-384
400
-192
384
-96
-96
-304
-224
-416
-32
128
208
48
160
176
16
160
-240
48
-560
-48
-176
-160
-80
-96
0
192
-288
160
-176
64
-208
48
32
176
-352
-128
48
-256
48
432
-160
-208
192
-144
-288
16
-112
320
-320
-304
-80
240
224
-48
0
-112
-64
64
-96
112
-16
-48
144
-48
48
96
-80
-96
-288
-224
-144
-48
-144
128
-80
48
224
-32
-304
64
48
304
0
48
-160
32
-32
144
0
-208
160
-64
192
16
48
0
-176
-368
32
176
176
160
288
144
256
96
96
-208
80
144
160
112
224
0
144
-32
-16
96
-16
32
160
-48
-128
304
-32
192
32
0
-128
80
-144
-96
80
64
32
-64
-16
-256
208
-32
-80
-144
-64
0
-112
-48
0
32
-368
112
16
96
-32
-144
-224
0
-112
-64
-560
-192
-112
-32
-16
128
0
-224
32
-288
-592
48
-16
96
-208
-80
-544
-160
-64
112
-352
-336
-80
-64
