292861128245402740
585722256490805481
18523008374763987
37046016749527974
74092033499055948
148184066998111896
296368133996223792
592736267992447585
32551031378048195
65102062756096390
130204125512192780
260408251024385560
520816502048771120
1041633004097542241
930344503588237506
707767502569628036
262613500532409097
525227001064818194
1050454002129636389
947986499652425802
743051494698004628
333181484789162281
666362969578324563
179804434549802151
359608869099604302
719217738199208605
285513971791570235
571027943583140470
1142055887166280941
1131190269725714906
1109459034844582836
1065996565082318696
979071625557790416
805221746508733856
457521988410620737
915043976821241475
677166449035635974
201411393464424973
402822786928849946
805645573857699893
458369643108552811
916739286217105623
680557067827364270
208192631047881565
416385262095763130
832770524191526261
512619543776205547
1025239087552411095
897556670497975214
642191836389103452
131462168171359929
262924336342719858
525848672685439716
1051697345370879433
950473186134911890
748024867662976804
343128230719106633
686256461438213267
219591418269579559
439182836539159118
878365673078318237
603809841549789498
54698178492732021
109396356985464042
218792713970928084
437585427941856168
875170855883712337
597420207160577698
41918909714308421
83837819428616842
167675638857233684
335351277714467368
670702555428934737
188483606251022499
376967212502044998
753934425004089997
354947345401333019
709894690802666039
266867876998485103
533735753996970206
1067471507993940413
982021511381033850
811121518155220724
469321531703594473
938643063407188947
724364622207530918
295807739808214861
591615479616429723
30309454626012471
60618909252024942
121237818504049884
242475637008099768
484951274016199536
969902548032399073
786883591457951170
420845678309055365
841691356618110731
530461208629374487
1060922417258748975
968923329910650974
784925155214454972
416928805822062969
833857611644125939
514793718681404903
1029587437362809807
906253370118772638
659585235630698300
166248966654549625
332497933309099250
664995866618198501
177070228629550027
354140457259100054
708280914518200109
263640324429553243
527280648859106486
1054561297718212973
956201090829578970
759480677052310964
366039849497774953
732079698995549907
311237893384252839
622475786768505679
92030068930164383
184060137860328766
368120275720657532
736240551441315065
319559598275783155
639119196551566311
125316888496285647
250633776992571294
501267553985142588
1002535107970285177
852148711333723378
551375918060599781
1102751836121199563
1052582167635552150
952242830664257324
751564156721667672
350206808836488369
700413617672976739
247905730739106503
495811461478213006
991622922956426013
830324341306005050
507727178005163125
1015454356010326251
877987207413805526
603052910220764076
53184315834681177
106368631669362354
212737263338724708
425474526677449416
850949053354898833
548976602102950691
1097953204205901383
1042984903804955790
933048303003064604
713175101399282232
273428698191717489
546857396383434978
1093714792766869957
1034508080926892938
916094657246938900
679267809887030824
205614115167214673
411228230334429346
822456460668858693
491991416730870411
983982833461740823
815044162316634670
477166820026422365
954333640052844731
755745775498842486
358570046390837997
717140092781675995
281358680956505015
562717361913010030
1125434723826020061
1097947943045193146
1042974381483539316
933027258360231656
713133012113616336
273344519620385697
546689039240771394
1093378078481542789
1033834652356238602
914747800105630228
676574095604413480
200226686601979985
400453373203959970
800906746407919941
448891988208992907
897783976417985815
642646448229124654
132371391851402333
264742783702804666
529485567405609332
1058971134811218665
965020765015590354
777120025424333732
401318546241820489
802637092483640979
452352680360434983
904705360720869967
656489216834892958
160056929062938941
320113858125877882
640227716251755765
127533927896664555
255067855793329110
510135711586658220
1020271423173316441
887621341739785906
622321178872724836
91720853138602697
183441706277205394
366883412554410788
733766825108821577
314612145610796179
629224291221592359
105527077836337743
211054155672675486
422108311345350972
844216622690701945
535511740774556915
1071023481549113831
989125458491380686
825329412375914396
497737320144981817
995474640289963635
838027775973080294
523134047339313613
1046268094678627227
939614684750407478
726307864893967980
299694225181088985
599388450362177971
45855396117508967
91710792235017934
183421584470035868
366843168940071736
733686337880143473
314451171153439971
628902342306879943
104883180006912911
209766360013825822
419532720027651644
839065440055303289
525209375503759603
1050418751007519207
947915997408191438
742910490209535900
332899475812224825
665798951624449651
178676398642052327
357352797284104654
714705594568209309
276489684529571643
552979369059143286
1105958738118286573
1058995971629726170
965070438652605364
777219372698363752
401517240789880529
803034481579761059
453147458552675143
906294917105350287
659668329603853598
166415154600860221
332830309201720442
665660618403440885
178399732200034795
356799464400069590
713598928800139181
274276352993431387
548552705986862774
1097105411973725549
1041289319340604122
929657134074361268
706392763541875560
259864022476904145
519728044953808290
1039456089907616581
925990675208386186
699059845809925396
245198187013003817
490396374026007634
980792748052015269
808663991497183562
464406478387520149
928812956775040299
704704408943233622
256487313279620269
512974626559240538
1025949253118481077
898977001630115178
645032498653383380
137143492699919785
274286985399839570
548573970799679140
1097147941599358281
1041374378591869586
929827252576892196
706733000546937416
260544496487027857
521088992974055714
1042177985948111429
931434467289375882
709947429971904788
266973355336962601
533946710673925202
1067893421347850405
982865338088853834
812809171570860692
472696838534874409
945393677069748819
737865849532650662
322810194458454349
645620388916908699
138319273226970423
276638546453940846
553277092907881692
1106554185815763385
1060186867024679794
967452229442512612
781982954278178248
411044403949509521
822088807899019043
491256111191191111
982512222382382223
812102940157917470
471284375708987965
942568751417975931
732215998229104886
311510491851362797
623020983702725595
93120462798604215
186240925597208430
372481851194416860
744963702388833721
337005900170820467
674011800341640935
195102096076434895
390204192152869790
780408384305739581
407895264004632187
815790528009264375
478659551411681775
957319102823363551
761716701039880126
370511897472913277
741023794945826555
329126085284806135
658252170569612271
163582836532377567
327165673064755134
654331346129510269
155741187652173563
311482375304347126
622964750608694253
93007996610541531
186015993221083062
372031986442166124
744063972884332249
335206441161817523
670412882323635047
187904260040423119
375808520080846238
751617040161692477
350312575716537979
700625151433075959
248328798259304943
496657596518609886
993315193037219773
833708881467592570
514496258328338165
1028992516656676331
905063528706505686
657205552806164396
161489601005481817
322979202010963634
645958404021927269
138995303437007563
277990606874015126
555981213748030252
1111962427496060505
1071003350385274034
989085196163701092
825248887720555208
497576270834263441
995152541668526883
837383578730206790
521845652853566605
1043691305707133211
934461106807419446
716000709007991916
279079913409136857
558159826818273714
1116319653636547429
1079717802666247882
1006514100725648788
860106696844450600
567291889082054225
1134583778164108451
1116246051721369926
1079570598835892876
1006219693064938776
859517881523030576
566114258439214177
1132228516878428355
1111535529150009734
1070149553693172492
987377602779498008
821833700952149040
490745897297451105
981491794594902211
810062084582957446
467202664559067917
934405329118135835
715889153629424694
278856802652002413
557713605304004826
1115427210608009653
1077932916609172330
1002944328611497684
852967152616148392
553012800625449809
1106025601250899619
1059129697894952262
965337891183057548
777754277759268120
402587050911689265
805174101823378531
457426699039910087
914853398079820175
676785291552793374
200649078498739773
401298156997479546
802596313994959093
452271123383071211
904542246766142423