0
-b
-3
-8
-5
-5
0
-2
-1
-5
-1
-b
-4
-9
-5
-2
0
-2
0
-5
0
-9
-3
-7
-2
-5
0
-b
1
1
0
-9
-2
-b
0
1
0
-5
1
-2
3
4
-11
-2
-10
-1
-3
0
3
6
6
d
-e
-8
6
f
-7
-1
-f
-1
1
-16
6
-8
0
5
-b
-b
3
0
5
-e
-a
0
-9
7
-13
-c
b
c
-6
-6
-a
2
19
a
-e
2
1
-a
-4
-1e
3
0
-5
13
-1d
9
f
-d
-3
7
-9
-1
b
-8
0
-5
1
7
7
-b
3
1
c
-1
-19
-11
c
-15
-2
-9
-9
-3
-2
a
-8
-8
d
12
f
13
-8
4
10
-7
-18
-13
6
-3
11
a
1
3
1c
-b
-28
-19
-3
b
2
-3
0
-7
0
5
-7
2
-4
0
5
-10
b
9
-18
4
-10
-4
1
0
-8
-9
-7
6
e
2
-7
3
7
-2
1
-b
0
-1
-4
-f
-2
-5
0
0
1
-a
-3
-6
-5
-7
-1
-5
-3
-1
-2
-9
-4
-6
-5
-7
1
-2
-4
-5
0
-b
-3
-6
-2
-5
0
-2
-1
-8
0
-9
-4
-5
-4
-3
0
-7
1
0
-1
-3
2
-a
3
-2
-1
c
2
5
1
0
-5
3
3
-1
-4
2
0
-3
-4
-5
-a
-12
-d
2
0
-1
7
-2
-7
0
-3
0
-4
1
0
-2
-1
5
-6
-9
0
-6
-4
-5
3
7
11
1
-5
6
-c
0
1f
0
-c
4
3
-6
-6
-6
6
12
12
-1
-29
-2
2
0
3
-5
-8
-f
2
6
a
11
-6
-8
0
-f
8
-1
8
6
-13
9
-9
-9
-b
-f
-4
3
b
2
-d
a
-b
12
-8
c
-b
-5
-2
-b
0
1
-4
4
-b
-b
c
6
-b
b
-2f
e
-5
1e
-5
-9
-c
-9
-1
2
-2
d
-4
2
0
-14
-f
-2
1a
c
-1c
-c
1c
9
-8
-d
0
0
6
0
-13
a
-5
7
-3
d
-5
5
-a
4
-18
9
-a
-8
6
-3
-3
-4
-8
4
3
5
-1
e
6
5
6
0
0
-a
-f
-4
-3
1
1
-a
-2
6
3
-a
-7
-2
0
2
-1
-9
-6
-6
-8
-4
2
-3
2
-2
0
-2
4
-5
-6
0
0
-5
2
4
1
-3
-3
3
1
-6
0
6
4
-4
-3
-a
9
0
-4
-7
2
2
7
0
-1
0
7
1
-b
0
-1
3
-3
3
7
a
-3
-12
-c
6
8
-5
7
e
-3
0
-2
-8
-9
-4
4
9
7
4
-4
-8
-3
-2
-a
3
b
-1
0
-8
3
-4
-7
-2
11
-9
-6
-10
0
d
-7
-1
-6
-8
-7
-d
1
10
-2
7
-7
-20
-13
0
19
6
-14
15
5
8
-f
-d
-3
-9
-24
12
a
e
4
a
2
22
-25
-6
-4
6
-b
d
a
-5
4
-2a
-b
-7
4
-b
f
2
10
c
-3
-26
b
8
-e
5
-b
1
-b
8
-5
-9
4
0
c
0
-13
7
0
-c
0
-1
-2
-5
-b
7
9
0
-b
5
-b
a
1
0
-f
11
-a
d
-4
5
13
9
4
b
a
-1e
-16
6
2
3
7
3
2
f
-12
-13
-9
-1
-c
c
-1
0
4
10
-7
-f
9
8
-6
3
-1
-c
-3
-4
-2
-4
0
-6
3
-3
2
-9
-1
-5
-10
-5
1
-1c
4
16
2
-3
-5
-2
-6
-8
9
-7
-1
9
4
2
-1
-6
2
1
1
-14
-3
9
6
8
4
-b
-c
0
8
-1
-6
b
3
11
-1
-a
-1
4
8
-5
-3
1
1
-f
5
-4
-2
-b
-3
10
-1
3
6
11
-10
-b
8
-1
-3
2
-9
0
-5
-11
-b
7
9
-a
-7
11
6
a
-3
8
-e
-6
-8
4
0
b
-6
-19
2
-1a
-1
0
1d
-13
e
-8
9
-f
0
d
-a
-18
7
c
a
11
-14
-1e
-15
-24
-9
-8
-17
11
1
12
a
9
-9
-1
-6
-5
-c
15
3
4
0
-10
-f
3
b
0
0
1
0
9
-13
-4
-8
a
-4
-2
-7
0
a
1
-13
1
c
15
12
e
-18
-2e
-3
-8
-3
11
8
2
-3
4
-1
-1e
c
0
-a
1
a
4
5
d
-26
-d
4
-4
8
19
-7
4
-1
-7
f
-f
4
5
d
-1
-2
-5
2
-1
-4
-3
-6
0
-3
-1
1
-4
0
-5
-4
2
0
-4
4
4
0
4
4
-3
a
5
-3
-12
-a
a
4
7
-7
b
7
-8
5
-15
5
4
2
2
2
-14
-4
1
9
-3
0
7
6
10
-6
-d
-6
d
a
-a
-2
3
3
-6
-7
3
5
-6
-3
-10
5
e
2
5
-6
7
d
2
1
-5
-4
1
5
15
-e
-b
10
7
c
-9
-b
-11
-7
6
-2
-14
a
6
8
0
-8
2
-14
0
2
c
16
-b
-8
-17
0
9
2
-9
-a
-c
0
-1a
22
-8
6
a
-6
-1b
4
-b
c
d
5
-a
-12
-9
-6
25
-e
-3
1f
-1b
-8
-15
1
-1c
-8
9
3
-a
0
14
-e
d
-13
-12
-b
27
6
17
-7
-1e
-3
-7
-7
-a
-6
-2
e
-9
-5
-3
b
-4
-c
7
-5
4
-1
-3
18
-d
9
4
-e
-f
-5
8
-10
-5
-2c
11
14
1
-b
13
7
1
b
2
-4
-1e
c
4
-e
8
6
-2
-6
1c
-4
-34
11
1
-d
9
-7
-3
-b
4
0
-1
2
0
0
2
4
0
-8
1
-4
-6
0
-b
3
8
3
0
-1
-4
-1
-3
0
-6
0
9
4
b
-4
-5
8
b
0
-18
-8
d
5
-2
0
-3
-3
-4
1
-8
-b
4
-4
4
3
a
5
-b
0
-4
-4
-7
0
b
8
-6
-19
e
-a
-11
8
15
-b
12
14
-e
-3
1
0
-12
-3
6
-4
4
-2
e
-1
1
-7
-1
-b
2
-2
-12
3
-c
c
0
9
-c
-a
15
-3
4
8
2
-b
-3
-a
-19
7
4
-1
-10
0
14
d
-12
-10
-3
e
8
1
-4
-c
-2
1a
-1
0
-3
f
-5
-7
2a
-8
3
20
-19
-1
-13
-11
-1b
-8
8
0
-a
1b
-c
13
-9
-18
-11
-e
-1
-e
-b
-4
0
10
-b
0
-c
-a
9
-1
2
-3
-a
4
-3
-6
5
-e
-f
-2
f
12
-2a
-2
a
1e
-6
-9
9
-c
-a
-6
e
8
0
-11
2
5
8
7
6
-2
-18
9
-2
-c
5
b
-b
-7
3
2
-25
c
8
-e
-2
-11
0
2
-8
-9
10
5
5
2
7
0
-5
3
-8
-5
2
0
-e
5
6
0
1
0
2
-2
2
-4
-d
-9
3
-2
0
6
-1
-8
2
-6
-8
11
1
a
d
7
-3
-4
5
2
-18
-5
3
-d
9
-11
4
-a
9
c
-13
6
11
-8
4
d
-3
5
-9
-b
-3
-2
-3
-1
5
0
-17
-4
9
2
-b
b
-8
6
-f
5
-18
19
6
15
-10
2
-9
-1
2
2
-9
3
-9
b
-13
-7
1
4
6
8
-8
15
-1
0
-18
-e
-16
-1
12
-8
-2
18
-3
-5
-1c
-d
-18
5
-15
-6
c
e
-10
7
-d
16
-3
-8
-14
6
-4
-8
d
1
2
0
-10
-1
-8
-9
-6
-2f
10
e
-9
-5
3
-7
1b
-2
14
0
-19
-2
-a
-5
-10
-8
-3
-e
7
-4
1
c
-3
0
-d
-e
0
0
7
b
-9
b
5
0
-9
-b
4
a
-2
f
2
5
7
-14
-d
0
3
0
7
6
0
6
0
-1e
-1
6
b
-3
-b
-12
c
3
1
-f
7
2
0
-1
-2
-c
-16
a
-2
7
7
0
-3
-7
-7
-6
1
2
2
8
1
-6
-6
a
-8
2
-7
-7
-1
d
-e
-4
0
2
a
0
0
-2
-4
-d
-b
-4
-9
7
-5
1
0
0
4
-c
-6
-4
-3
2
8
7
-b
-1
0
-8
-c
-7
12
13
4
-16
-9
3
c
-23
-15
-c
-11
d
1d
-19
-1a
-8
c
-2
-f
3
-19
c
15
0
-b
5
-d
-19
b
-2
c
3
-1
-d
-b
-c
1
-c
-16
-4
-a
d
-8
-a
-4
6
0
7
1
2
-3
c
-a
0
-b
-1
0
-11
b
-3
-9
-9
2
3
-f
d
-15
-e
a
-e
-3
-f
-2
-11
9
8
7
5
5
-8
-1
10
-6
0
6
-13
-6
18
5
-b
5
-2
-11
-7
13
-3
-4
0
-f
-7
1
13
8
13
-1a
-9
0
-5
-4
-10
-3
6
-1
1
9
-7
-1
-13
-2
-12
d
-3
3
7
-5
6
c
-a
-4
-5
7
-1
0
-b
13
8
-8
-11
4
-4
4
a
-5
a
-7
-5
5
-2
1
-c
2
-a
4
5
-d
a
-4
6
2
0
-13
8
2
0
-10
-5
3
b
-12
-11
-1
a
7
-8
9
-5
-6
0
2
-5
0
c
17
-5
-c
-2
a
-1a
-15
-f
-1
11
-d
0
1
-9
9
14
-c
-6
8
-b
-6
-10
1
-1
c
16
-f
-c
-7
c
-6
-2
9
-e
0
0
11
-4
0
-a
8
-e
-9
-a
10
a
6
3
7
-10
8
-12
-b
-4
0
0
-15
-3
-1
15
-2
-15
c
2
-f
-12
8
-2
-16
d
0
1
-7
4
1b
-1d
-4
-a
-9
5
d
-e
-2
-1
0
-3
5
f
-5
-6
-9
7
-6
0
e
3
-12
-9
-20
-1
-8
0
11
7
4
-13
-6
4
8
5
-e
-9
5
-5
0
-d
-1
12
e
-14
5
-17
1
11
-a
-13
-e
-17
-7
-d
2
-13
9
c
0
4
-e
b
9
1
-16
4
-2
0
-3
-e
2
-e
-4
5
-1
0
a
-1c
4
-2
-c
1
-7
3
-8
4
8
3
-6
-a
12
-15
-1
4
-3
2
17
-2
-3
-7
-1
-3
-4
e
b
5
-6
0
0
-6
-4
-9
-1
0
5
6
9
-1
a
-d
-12
0
1
-7
4
-1
1
b
-17
-2
b
-1
-9
f
-5
2
-e
1
-7
-5
0
-b
-5
e
f
-5
-3
-7
c
-1a
-c
5
b
-16
9
-3
-8
a
5
-3
-1
-3
-7
1e
3
-5
-7
-9
2
-6
-15
-1a
e
15
b
-1b
-e
-18
16
-c
-b
-3
9
6
4
-8
-c
9
4
-b
-13
-5
1
22
18
-18
-b
-16
9
-23
-3
6
8
-7
-d
3
-8
8
5
-13
16
-9
-a
-8
7
-8
-9
e
-a
-4
12
-1
b
-10
6
-9
-16
3
0
10
f
a
-4
7
-1
-d
-6
0
-1
-5
-1
12
-3
-15
1
-11
13
4
-11
-13
-e
a
7
c
-e
0
6
-1b
-c
-11
2
-7
-1
1
-5
-1
12
-15
5
-9
-4
-5
-8
-1
-9
2
1e
5
6
2
-8
-10
6
-5
-3
-9
f
7
-4
-d
6
-b
7
6
-4
-8
-2
-b
8
8
-10
-2
-2
-7
e
-1
4
-2
-7
-1
-a
6
2
0
6
-d
-17
6
-f
-9
16
-3
-5
9
-7
-4
4
-6
-a
3
3
2
-5
3
-c
0
5
-2
c
5
-11
-5
-7
-4
7
0
-4
0
7
0
-9
2
-5
2
-4
0
-1
0
6
8
-e
-16
5
17
-9
-1
-6
-14
2
-1
0
-7
3
5
7
-b
0
8
0
-13
-7
-2
d
f
3
-f
5
-19
-8
-6
-13
a
8
e
-11
-8
-2
6
5
-5
-12
10
7
-1
-9
-5
-7
-7
15
-18
-b
-2
-4
d
-f
3
b
4
-d
-3
13
-7
-5
15
2
7
5
-5
-9
-15
5
1d
-10
-d
2
-16
14
-8
a
-f
-12
1a
-6
4
-e
3
-c
-12
-4
-9
3
10
-d
-4
3
-b
7
-3
-8
-5
-13
11
0
-7
-5
-a
9
-2
-c
-c
-12
f
-1c
-3
6
b
d
8
1
-1
-6
-5
-1
-6
-6
4
3
-1
1
0
-3
-c
d
5
-2
1
2
-1
-2
-c
9
-f
a
-17
c
-a
8
4
-4
7
0
-9
-b
0
-3
-13
a
-7
0
a
-2
-b
0
8
2
-8
f
-10
7
-1
-5
-4
-6
7
a
6
-d
1
5
0
-f
-11
-2
2
7
-1
7
-2
-5
-6
5
-2
-b
b
-14
-b
-3
0
8
f
-1
4
4
-4
1
-9
0
0
c
-1
-14
-7
0
1
c
-2
a
-e
-b
-10
-5
-c
0
-21
f
2
c
-1
-14
-9
a
-8
e
-1
1
-9
0
-19
-f
a
0
8
a
0
1
-10
1
3
2
6
-23
4
-8
-9
7
-6
-b
-1
15
-11
-7
11
-e
0
-6
-3
-b
-8
-3
2
2
21
-2
c
-11
-d
-14
1f
1
-22
-4
13
-4
-3
-1
-c
-c
-10
-a
-5
4
9
-4
-4
-9
1
a
-1b
0
-8
6
10
-f
f
-12
10
0
1
c
-10
-25
1
-3
7
0
-7
-f
-a
4
-10
-2
-2
3
0
-2
-15
-6
9
2
d
-16
7
5
-8
4
-c
7
3
-5
4
-c
-3
-4
-4
-3
-6
0
-f
8
0
0
-10
c
1
1
-16
b
0
-b
a
1
3
0
-1
6
-16
-a
1
3
b
2
-4
-1
-15
11
0
-5
7
-4
-9
-1
-8
-2
-6
-c
-8
4
a
0
a
1
-b
1
-4
16
-7
4
-7
0
-4
-3
-6
3
-3
-4
-6
-8
2
5
3
1
3
f
0
-2
-4
-12
a
3
5
-a
a
-c
-4
0
-3
-e
9
6
4
2
-a
0
3
-2
-c
-a
0
-6
a
7
-1
-1
10
-7
-c
-6
-e
10
8
-18
-d
4
-12
1c
8
1e
-16
-28
-1f
18
-1
-6
11
-4
-3
10
-6
7
-d
-c
0
-a
-d
7
-5
6
7
1
-d
17
1a
19
-b
-10
-4
-15
-2
f
-5
-6
7
b
-2
3
-e
4
-6
-4
-e
-6
7
2
6
-1
-d
2
0
0
-14
-13
-1
-1
-5
1
-a
8
5
-9
5
-e
4
-10
-1
8
-c
17
1
3
15
-1a
b
10
5
-c
-b
-d
-15
-3
-8
-2
1
2
3
-4
-19
-8
-10
-1
b
7
-8
f
28
-18
-f
-14
-10
0
-8
c
0
-5
7
-b
-f
8
-e
1
c
2
-d
2
-3
c
-a
4
-a
-8
9
9
0
5
-c
-e
-12
e
-d
-6
e
a
-2
3
6
-3
-d
-3
b
-3
-4
0
-4
-a
9
-11
-6
8
0
-c
-7
9
-6
1
-a
-5
-d
b
0
e
2
-f
-6
6
-a
4
-a
c
-4
-5
-6
2
7
-4
14
-20
-6
-1b
2
21
18
-23
-2
-1
-5
-12
0
1
-2
14
a
-3
-5
-3
-3
3
-a
-5
-7
c
-3
-b
-13
e
-2
0
3
8
0
b
-1c
-a
-6
-1
-6
0
-3
-1
-3
10
-f
-5
7
-a
-7
-f
-a
2
-6
b
2
-6
a
-d
-b
2
-1
-f
-a
0
3
0
19
-5
-10
-4
-6
-6
-21
a
-9
b
b
-1
0
6
-9
-5
-3
0
-c
-12
2
7
-4
2
4
6
22
-e
-12
9
3
3
7
-1
-2
-2
-d
-9
-3
-b
-3
a
a
-e
4
-5
-1
4
-7
3
-e
2
2
-2
4
3
-e
-5
12
-d
-4
0
f
-3
-3
-5
-d
-8
4
2
-4
6
9
-8
-11
1
-5
1
3
1
6
3
d
0
-d
4
2
-a
-3
a
1
-4
-1e
f
a
-1
-8
f
6
-16
1
0
-a
-e
-7
0
a
5
b
-8
-6
6
3
5
-5
-13
-3
8
1
2
1
-5
-16
15
8
f
e
8
-18
-10
-19
0
6
2
-3
d
-f
1
-5
2
-12
-8
-17
25
e
26
7
-27
-32
1a
0
-7
-8
13
2
3
-f
d
-1a
-a
-6
e
f
-10
0
-8
-e
a
0
-d
a
-17
-d
2
2
-4
-19
4
-f
b
-5
-6
-3
17
-a
-3
-4
d
-17
-9
e
-2
-e
f
-d
-12
-1a
1d
-7
-12
-b
-20
-5
c
0
-15
e
-9
1f
0
-1
5
-10
-2
-5
16
5
1
11
-7
0
-16
1e
-3
-6
5
b
-c
-12
13
2
b
-1
4
-2
1
-14
-5
10
-14
0
9
-9
3
-6
-f
13
-e
13
-13
-8
b
0
0
-13
9
-5
-11
16
-5
0
3
-d
2
-1
-5
1
-5
-3
e
-3
15
-1c
-8
-2
3
-a
0
7
d
3
0
-9
4
a
7
-4
-4
-a
-3
0
1
2
1
3
7
-2
-4
-3
0
-3
1
6
0
d
3
-a
6
-8
-7
-7
-1
-1
-2
7
7
5
5
-3
-4
-3
5
-3
-9
-7
17
-2
5
-2
3
-4
7
0
-5
-9
-7
3
10
-7
-6
0
-9
9
8
5
-13
-4
0
-8
6
-13
6
8
c
6
f
-a
0
-8
-1
b
-8
-2
-9
4
-f
a
6
8
-3
0
5
-10
-15
4
8
-4
6
f
8
1
4
-5
8
7
-4
-21
2
-5
-3
-3
-18
-9
14
2
-1
-e
4
-12
2
3
-23
4
0
2
5
-d
-8
10
5
e
e
-3
-5
5
-1
17
-a
-3
-5
3
-d
-d
-1
-7
3
0
2
-9
-6
-4
7
2
4
8
0
-17
8
d
-12
8
1b
-12
1
-4
3
-d
-3
-9
-e
-6
-8
b
3
b
-2
a
-2
a
-9
4
0
0
2
1
-1
-16
1
-8
-3
6
2
-f
-3
4
3
-2
e
-a
-9
-6
5
3
-3
7
-3
-a
0
0
7
-1
-1
-1b
6
-3
-1
4
-f
e
-5
-3
9
-1b
1
6
5
4
4
0
2
3
-6
-d
0
-c
-6
1
-9
6
d
-2
-7
1
-13
-1
6
-5
2
4
-2
-1
-e
-b
8
13
-2
10
8
3
-13
-a
3
-1
-7
4
-f
7
5
-8
3
1
6
0
2
-2
-7
4
3
-1
2
-6
b
-b
0
1
-b
12
-14
2
12
-b
3
-5
b
11
0
-16
3
-10
0
-7
8
-2
e
6
8
-1d
3
-12
2
-7
0
2
-9
8
-16
-1
0
12
-a
0
0
6
11
7
-10
-16
0
-a
1
-1
1
e
6
c
4
-f
-3
-1b
-2
-2
6
-d
0
15
-2
-13
d
-17
8
-b
-8
c
c
-5
2
-a
0
-d
0
5
0
-2
f
-4
c
6
-c
d
-d
1
e
-26
-10
a
-2
-15
10
-5
9
-5
10
-5
-c
13
-3
-d
-8
b
-4
-8
8
-20
-d
e
-4
-e
a
1
b
d
-3
b
-6
0
0
-c
-4
-7
0
8
8
-3a
2
e
4
7
b
8
2
-1
7
-1f
e
a
-8
6
0
c
0
7
0
-3
3
4
-2
3
2
-4
-b
-6
-4
-1a
17
-3
-15
7
15
10
-17
5
-5
-5
-8
-3
c
-1
-2
1
1
-1
3
-2
-8
-3
4
6
-5
-b
a
0
2
-8
-a
8
1
-4
2
1
a
3
4
-2
-10
3
4
9
-3
5
9
6
2
-3
-8
-3
-11
-3
0
-c
11
-6
14
4
-16
a
-1e
-3
1
0
8
-1
-a
1
-f
3
-14
4
2
1
f
-6
-4
0
-9
14
-b
-3
8
-1b
5
-6
28
-d
-1f
15
-20
-11
18
-9
5
2
0
-14
6
-1
-9
-6
0
6
-d
1
-a
a
-e
1
0
a
5
-1
4
7
-12
15
-1
5
-d
-6
0
-8
8
-6
-15
6
-8
-1
-a
f
-8
13
9
3
11
-3
-d
a
-a
-3
0
-b
6
-4
b
-1
-2
2
-4
1
3
-2
d
-3
a
-4
5
-6
-c
10
-b
4
0
4
6
-22
-6
-1
5
-1
10
-4
8
7
2
-21
6
-4
-2
c
4
8
-2
7
-6
-23
-3
-4
-6
9
-5
5
-1
6
4
0
-2
-10
13
-4
-2
-8
5
-1
0
-5
2
-5
-1
-1
0
0
-1
1
-8
1
-8
-3
-3
0
-b
8
1
6
0
6
-c
-a
0
-4
-f
5
9
0
-5
-b
-5
3
1
2
-2
2
-3
-4
c
0
0
10
0
6
-b
-6
-8
0
-2
-c
-d
a
-13
-4
2
1
12
-c
-4
-2
1
4
-7
5
4
-2
-2
-6
1
b
-10
-2
-8
0
1
-b
b
3
-13
-4
5
-8
0
-14
-a
8
1
-a
-2
-6
-16
2
0
10
0
-4
0
6
-8
-5
3
-a
-4
-6
9
-1
-8
-3
-11
1
-13
-8
-6
14
7
-13
4
9
1
c
-4
-9
f
6
0
-1a
-9
-5
-15
2
4
-5
9
10
-4
5
-6
6
-e
-23
0
-8
7
f
b
2
4
-1
2
-4
-3
8
-1
1
3
-a
3
2
-17
0
-8
3
0
-3
6
-5
1
-1
2
5
4
-1
-4
d
-3
5
-4
a
3
-14
8
-e
3
e
9
-2
-1
4
1
-17
5
2
-2
d
9
8
-10
0
5
-11
9
-e
-14
8
-5
5
c
-5
-9
-5
-4
-7
-6
0
0
2
-2
-1
-a
-3
-8
-4
-5
0
-3
-1
-5
-1
2
-2
1
6
5
5
-3
2
-9
-2
-c
2
1
-5
7
4
-3
8
-4
-3
0
5
-9
5
5
6
0
5
0
-2
-15
8
2
-7
5
d
-4
10
-7
0
6
0
-7
0
-8
-2
9
0
-3
-6
0
8
2
-19
4
14
-f
6
0
-9
-1e
-1
8
2
8
0
1
a
1
4
23
15
-4
-6
7
b
-16
-c
-17
-10
-c
2
-6
-1
-1
21
2
-18
6
5
-f
3
1
9
3
-d
-5
1
0
5
-16
8
1
-11
0
6
-a
0
5
-3
-1e
4
-10
8
b
4
9
-8
-2
2
-d
8
7
-2
-2
a
0
-7
-9
b
-1d
15
b
-f
-2
e
-c
7
-e
2
2
-9
9
-d
1
b
-3
-8
0
-1
-9
-4
2
-f
a
5
8
2
-7
1
2
0
2
-4
-1
-c
2
-5
-4
-3
4
8
0
17
-3
-1
a
4
-23
1
-7
-e
-5
2
0
0
4
6
-c
-2
-a
-8
-5
-3
-3
1
-1
0
-7
-1
-c
-5
-9
-6
-6
0
-4
0
-2
-3
-a
-4
-6
-2
-6
0
-6
-2
-1
0
-3
0
-4
-3
-4
-3
-11
3
7
1
0
d
3
5
3
-d
-8
-b
0
-1
14
16
2
2
0
-3
-11
4
-e
0
-5
6
-8
-8
-1
6
5
-f
1
6
1a
a
-7
17
-2
-8
-1f
10
-12
3
25
7
1
2a
-e
-10
-23
9
-25
0
9
-5
5
-1
-4
3
5
-2
2
11
-4
b
0
15
5
-1a
-17
0
-1
-6
-17
f
-2
-3
-10
18
-5
-6
5
e
-1a
13
e
4
13
-1f
-22
c
-d
-8
1a
-9
-2
9
4
10
-10
-9
-5
6
-1e
-2
3
8
c
a
-23
e
-22
0
d
8
-3
-3
-3
6
-19
-9
-a
1
-e
-1
7
-e
-2
6
-e
-6
-4
-9
1
-4
3
-a
3
3
-c
3
6
0
0
f
3
-1c
7
9
9
-6
-16
-6
-7
7
-7
2
4
0
6
4
-15
0
-9
-9
-4
-4
-8
1
-2
0
-5
-1
-a
-6
-5
-6
-6
0
-2
-1
-4
