127
111
90
69
29
17
83
-92
0
93
58
60
13
56
-13
127
29
76
37
80
127
112
109
9
85
-90
127
-127
-55
40
18
24
20
39
57
-13
2
-19
26
-43
38
94
90
12
-50
-32
12
-14
28
88
-59
7
38
75
-19
10
28
31
43
50
11
116
31
97
48
67
36
51
-72
127
-4
33
-11
-4
16
127
2
31
118
-25
-14
49
25
81
60
62
-51
-64
40
-34
6
46
10
31
8
117
26
127
51
5
32
8
74
-17
93
71
91
55
22
127
47
-18
69
73
110
63
39
48
106
38
-9
97
84
4
-98
12
16
-16
-25
-74
127
0
7
-7
127
79
32
46
111
41
117
127
15
-35
84
-99
56
66
-70
8
61
51
-18
8
14
127
65
52
69
75
127
39
13
-17
-9
24
32
73
31
-68
91
18
-22
-17
103
-16
31
91
37
57
102
37
3
44
22
-37
108
86
77
-10
96
53
86
-123
8
57
127
4
-5
99
15
95
46
43
18
-57
56
-9
87
12
106
104
0
73
-7
127
-13
-13
22
102
26
53
60
39
59
101
82
127
-127
60
9
97
73
112
80
54
-14
38
102
45
26
96
75
80
58
26
-10
-65
48
-80
40
87
68
45
-54
-45
127
16
46
71
27
3
31
12
98
38
127
127
46
-85
68
-84
54
105
-78
111
38
27
34
33
127
34
67
6
56
31
17
114
40
57
127
67
5
-2
80
64
116
61
-54
18
58
58
57
-11
24
107
92
42
-3
-6
-35
-25
33
-1
69
90
-22
81
28
122
118
44
20
100
58
127
127
127
18
24
93
113
-71
97
-93
89
65
-25
94
21
24
-5
1
-18
68
50
40
23
61
127
61
-34
57
-116
-53
-117
106
41
41
88
-63
58
-28
64
101
124
6
85
69
1
-10
-9
-28
-77
43
-114
88
58
65
13
34
-33
87
65
40
115
105
43
55
102
32
59
118
94
49
-95
-10
17
64
102
72
51
84
28
39
38
-5
19
21
63
-23
-3
15
-43
-127
-82
-50
67
70
103
127
101
50
89
-10
-1
71
127
-11
-24
52
-60
-55
-58
-64
-55
64
16
74
95
127
