15
14
12
9
4
3
11
-11
0
12
8
8
2
7
-1
15
4
10
5
10
15
14
14
2
11
-11
15
-15
-6
5
3
3
3
5
8
-1
1
-2
4
-5
5
12
12
2
-6
-4
2
-1
4
11
-7
1
5
10
-2
2
4
4
6
7
2
15
4
13
6
9
5
7
-9
15
0
5
-1
0
2
15
1
4
15
-3
-1
7
4
11
8
8
-6
-8
5
-4
1
6
2
4
1
15
4
15
7
1
4
1
10
-2
12
9
12
7
3
15
6
-2
9
10
14
8
5
6
14
5
-1
13
11
1
-12
2
2
-2
-3
-9
15
0
1
0
15
10
4
6
14
6
15
15
2
-4
11
-12
7
9
-8
1
8
7
-2
1
2
15
9
7
9
10
15
5
2
-2
-1
3
4
10
4
-8
12
3
-2
-2
13
-2
4
12
5
8
13
5
1
6
3
-4
14
11
10
-1
12
7
11
-15
1
8
15
1
0
13
2
12
6
6
3
-7
7
-1
11
2
14
13
0
10
0
15
-1
-1
3
13
4
7
8
5
8
13
11
15
-15
8
2
13
10
14
10
7
-1
5
13
6
4
12
10
10
8
4
-1
-8
6
-10
5
11
9
6
-6
-5
15
2
6
9
4
1
4
2
13
5
15
15
6
-10
9
-10
7
14
-9
14
5
4
5
5
15
5
9
1
7
4
3
15
5
8
15
9
1
0
10
8
15
8
-6
3
8
8
8
-1
3
14
12
6
0
0
-4
-3
5
0
9
12
-2
11
4
15
15
6
3
13
8
15
15
15
3
3
12
15
-8
13
-11
12
9
-3
12
3
3
0
1
-2
9
7
5
3
8
15
8
-4
8
-14
-6
-14
14
6
6
11
-7
8
-3
8
13
15
1
11
9
1
-1
-1
-3
-9
6
-14
11
8
9
2
5
-4
11
9
5
15
14
6
7
13
4
8
15
12
7
-11
-1
3
8
13
9
7
11
4
5
5
0
3
3
8
-2
0
2
-5
-15
-10
-6
9
9
13
15
13
7
12
-1
0
9
15
-1
-3
7
-7
-6
-7
-8
-6
8
2
10
12
15
