4989432214023380992
3980457317007076352
3215111011919084544
2484986984077243904
1042538495956515968
593481243424728704
2961124966575752704
-3349097439232239104
-27255347978484232
3349333429579909632
2062117421276504064
2140580925843456000
453194458954480768
1982725119375593984
-478234677050115392
4839022693524958208
1028546530564130816
2734020531270614016
1304968780460681216
2864627813334604288
4753064879816550400
4017148617607816192
3920177168721920512
307924518668941888
3030246195429727744
-3263229905355410944
5011845766617387008
-4656541573171112960
-1984151595789077248
1434593008016971264
620115677595591936
843817042475880448
696145664255538688
1391013039561473280
2026582636521623552
-504092690323140608
50921115901321832
-700298416086971776
903043407572176512
-1569644921649339136
1364092352846433536
3377095592930674688
3223797795466449408
408809233084514048
-1824174826120445952
-1177031944010956032
425853153859868544
-517343482530718592
977085992939643136
3147502170309154304
-2140778291753588736
242327641146764384
1338526431740840448
2682195607398471680
-720379594365059840
333163332583410816
983156493234465024
1111023799317330688
1530950828831924736
1785005232583209216
361777493770487616
4173413759875512320
1100130039279202688
3485294695326552576
1723418558387040768
2404249426886755840
1288570922355912960
1804431814192499200
-2626132476056416256
5244986022697910272
-152300386276765504
1178406091636185856
-397364260417747392
-144427568312876384
553605530343861376
6423934866821745664
65317622910540040
1107607450633221760
4240895122644368384
-912023413759101824
-537782448676365888
1745500176073467904
867722923289612672
2910122412554745856
2133944687219463680
2213161366726939904
-1841898177863577856
-2312971598564525056
1439592720700965376
-1247220474951265792
204105177372286624
1643005103720327936
359646893508426688
1092588720309187456
259215275394550368
4214333615590645760
931446290035696000
5740606501483557888
1816502337441376000
161099741963866144
1139836762758730368
283249615719347264
2661367428538319360
-628743697193968384
3329307652750233088
2546234293085294592
3278087864935149568
1966752037980408576
760652776066830592
5342237478500359168
1685229780050255872
-651182160129101184
2482151510019662336
2611433309581997568
3935990364253748736
2238896139494738432
1400820436861589760
1708427658571109120
3796111153838852608
1346590832593987840
-347310151650519744
3482926491674334720
3005670543662946304
140296567562666608
-3566764381315072512
397227342268199680
570635755868919360
-584830865403457536
-901961879568922752
-2699046596403578880
5234997853920894976
-35054305049831104
247038968113398976
-281245787883930784
4722872540129868800
2827018080013113856
1128468754184119040
1623492221967101696
3982643264946000896
1458966396196465664
4185855531951099392
7498815743846189056
525199331650892672
-1275346518288604416
2996824094783223808
-3597749109799937024
1987304813818325504
2341872196907706368
-2529668109832946176
262694299583304512
2186403195799139328
1834164104478790400
-670511521469115648
281781239437881888
498269943581320896
5036910620353494016
2313718844978756096
1841037980436713728
2479290568844465152
2689005030156002304
7031676559190020096
1394453336357647104
466236257230751552
-643168020641784192
-329836581153431552
832012627464341504
1132110613662364928
2617166252220566528
1106742181999640960
-2462029721755383808
3271729311218286080
632031725751565312
-828252850341251328
-638117825788534656
3675235173679849984
-605545527538424832
1113281743775832832
3265033571370104832
1300605886120928512
2042354736222512896
3662369693793515008
1332266279944622080
73606312070588656
1563872481962373120
778810513897987712
-1341818347893781760
3869292317742688768
3087487050203264000
2773429867533267456
-374304697867006016
3442769138302398976
1897937736770197760
3081953321666520064
-4437057096526321664
265145739600721440
2035973282159681024
6066614451721018368
109222352222867728
-214252203653804544
3561897214052739584
524821368163737344
3420397006004416512
1635570636383526656
1534666483189969920
614101652509275264
-2087730235950088960
1989609529908860672
-350004540059768896
3126645390244501504
422051875194032960
3787843596857031680
3729804196935877120
-30645687323875756
2606512691202719232
-272715194435272608
5689752829011672064
-476404305792659392
-497075730159094144
760318681050885760
3658983470989877760
921830791441024128
1886242799150269952
2146744592812125184
1396758309747287296
2096982581981114112
3620583201106449920
2945128032500338176
5273615066341720064
-5092032203785197568
2139342868226325760
319962306717052544
3474246687457542144
2612452001691197440
4018942203560506880
2863576199103857152
1933578084182419456
-538071260562352832
1342074802473377792
3645467707217434112
1589125791872116480
930574193287874688
3433223783612912640
2689652523161349120
2869050342602721792
2081181991401116416
933932647525801600
-384045444041545920
-2346938323408835072
1725730804050913024
-2916777840412937216
1418537351427023104
3112548712687174656
2426190057183313920
1587606226622847744
-1948386645053224960
-1647027170808444928
5497995258522789888
549492749296838208
1650661349837603840
2526405557004183552
939130299228476672
75840189040848128
1106084687919145216
410534725626312960
3510471063922418688
1365565296142897664
5594527327513700352
5490912993348140032
1635466516945006080
-3082015364404633088
2432045992269896704
-3051999267431210496
1926050571071625984
3779275445907200512
-2836173704432975872
3964868161489174016
1352298663999495936
969883106516988672
1205085113077698560
1165055957714134784
5767046977577843712
1222848591851262720
2411784405809130496
183659042337497856
2004242614981055488
1089397184255917056
596016370078624512
4085608239229849088
1429315478324656640
2050971204052800512
4816555235230260224
2379216019740295680
154727553369185632
-97010560869934944
2863571314943138304
2283290363128537088
4156802192971761152
2186282217655504384
-1946036981954608128
623970729790041216
2069948117365080064
2061392206371864064
2036182974563425280
-398155231532208192
852363701879461504
3827072998920968192
3313496931089297408
1498757243407318528
-127976471183533376
-232967296425103264
-1270402446430706176
-926361238317541888
1160009947929905664
-71886409565682608
2450128790517372928
3228357973803793408
-815094919298239616
2887595981546831872
991601895220890624
4370958125923625472
4244921144128458240
1567357649817182464
697201268965842560
3588603453429383168
2058261201727941120
6404971326291164160
5472462956916843520
4831518588262350848
618959712472285696
828784858653512192
3328102703139802112
4066752725121606144
-2568224427348114432
3478698402265928704
-3370448216871396352
3199031503451170304
2325056316063231488
-906100937833821184
3350774569170025472
749659428585452672
843246810826211968
-180991586884708544
32636927417716840
-670149228767230976
2418637892082060288
1801353985537975296
1422731638722346240
793613297686296448
2197543785583446528
6291725752466894848
2164005455214145536
-1257400980469733888
2052342827952189440
-4183056244607163392
-1932916385290360320
-4232120644234082816
3799895315280029696
1473007374996362752
1445978657856466176
3160722351845880320
-2289821681302207232
2053991752782418176
-1031313020266926464
2282297837121410304
3633533355788039680
4441698310046875648
202723470911138432
3030623481998417920
2455337929513364480
10865854905744654
-371133245623457600
-347967972952739968
-1027759019842458112
-2779430872462977024
1522562726496724224
-4125014144709640192
3141599105736661504
2071127164304117760
2338350498448459264
453630327884531328
1196899571548933376
-1197627555358023936
3103195628632524288
2329403026952582144
1427747480985194496
4137273917526935552
3760160618797860864
1530687230769122816
1946204412865731072
3647360319352005632
1145768516500748544
2110745593732599296
4250520816757755904
3364718383893618688
1755948584477161472
-3430253477115804672
-391885926581848576
601340211401502720
2301457416191527936
3652538119325592576
2567292675907016704
1817449892403693312
3006363333176667136
972978389574744192
1393401545149177344
1350432945465349632
-196968803013195776
652448318315486720
744889256112710784
2246710994452826624
-835579128696822784
-120105811584192624
530964805118752192
-1561362745059286784
-6020390754022939648
-2954998153944779776
-1819519152006637568
2386201552742930432
2498114698061274624
3709868476971971072
4754175589281391616
3624254503971081216
1773690748022572032
3187652214837080576
-384147791865030656
-60018174261352464
2526405108323276800
6500709778902646784
-411665595534897600
-868373191255287552
1851742880722546944
-2172006941893314816
-2001047682678257152
-2120007300955004160
-2338893177042248192
-1985581564885255168
2274060846975730432
557133301665751616
2645829588992193024
3403042944309134336
4882731444348219392
