-2
-22
-8
-9
-13
-8
2
-12
-2
-5
0
-16
-10
-10
-15
-10
4
-9
0
-5
-5
-27
3
-13
-12
-4
0
-3
2
-7
-2
-18
-3
-14
-5
-1
-5
-11
6
-3
2
-15
7
-7
-19
3
-16
-25
4
19
10
-2
-16
-5
4
32
-35
13
-8
-6
-2
8
-21
-4
41
10
-12
11
-8
-11
2
-50
10
-25
-29
23
-23
-15
-9
-4
16
43
-38
-4
59
10
-45
-39
-10
2
-7
-32
10
4
23
8
-47
-3
7
0
18
94
-59
-23
2
9
-18
3
7
3
-13
-36
-5
29
33
-1
-45
-6
18
31
19
-25
1
-7
4
-46
-7
24
9
-2
11
-6
-26
5
40
0
-2
-22
12
-21
16
-36
33
11
2
12
-71
-38
21
-9
-28
-22
16
-21
64
-10
-27
-17
16
12
41
15
3
17
18
-25
-48
-47
12
32
-27
-15
-15
-1
2
16
-4
28
-16
22
5
-21
20
3
3
-23
-28
-19
5
0
3
-7
10
-1
-1
-20
-31
-11
4
1
-7
-19
-1
-11
-16
-8
5
-12
-7
-2
-4
-25
-3
-10
-17
-7
2
-11
4
-5
5
-11
10
-20
-7
4
-11
14
11
22
-1
-24
4
-31
-12
11
0
-9
22
-2
9
-12
-2
-13
1
-4
-8
16
5
15
2
-16
3
4
-43
-1
-16
-16
7
-6
5
-10
-12
37
39
-12
-46
-22
14
-1
3
-14
-14
-4
-49
13
-9
4
-8
-14
-18
-46
-1
3
0
-15
-1
23
10
-3
15
9
-3
-44
-24
-1
12
36
-9
9
-3
-38
-17
0
2
-5
32
14
1
5
11
-5
-23
-23
37
5
-22
17
-7
-21
-18
-46
25
12
-28
29
-69
33
-11
56
5
14
-1
-18
-1
-35
37
6
-8
-5
-23
-12
-2
18
4
5
-52
-6
38
38
4
10
-1
1
7
18
-67
-7
-11
14
0
-27
60
38
24
-8
-79
-48
18
-18
3
-54
15
4
1
-11
-75
16
22
27
-21
11
11
6
-12
5
-31
21
11
-8
27
36
-1
6
-18
-4
-56
19
-15
-27
42
16
21
34
-24
-42
-30
17
2
9
-3
-20
3
-5
-21
-17
-1
-8
-4
2
0
-18
0
-16
-10
-1
-3
-16
1
0
-2
-15
-2
-8
-18
-15
10
-34
12
24
-1
-23
-9
-18
0
3
-2
7
16
-24
5
-14
10
-8
-1
-6
-6
2
4
-9
6
14
-5
-32
-31
14
-4
20
10
6
3
7
-1
-6
-13
-3
7
18
-23
1
-13
1
-10
-16
-16
-11
19
12
6
11
-10
-7
-17
-7
22
14
-49
38
12
-7
-13
-30
-6
7
-2
-5
-10
-7
-11
36
-4
-46
18
13
-7
1
-43
9
5
16
14
-4
-11
-27
-11
40
22
40
-25
-49
31
6
-17
-11
34
-28
8
-8
-29
16
-30
29
35
-8
2
18
-76
-2
-34
20
-30
-3
9
12
-11
11
-10
16
-39
-4
2
21
2
6
-6
-53
32
7
-22
7
21
33
22
7
-44
-68
16
-16
-5
36
-11
-1
-2
-4
-14
-3
4
16
-7
-1
-2
-25
-10
-1
-80
15
25
25
-4
41
15
-10
-11
16
-2
-54
9
37
0
9
6
-2
-6
-25
-9
28
-1
13
21
13
9
-8
18
14
4
-42
-30
8
2
-5
2
-14
-6
-11
-4
8
-4
12
3
10
-8
5
-1
-5
-36
11
4
0
12
22
-2
8
-8
12
6
8
9
-31
9
6
18
13
-15
-25
-9
12
6
-35
24
15
26
15
-8
-20
-35
16
12
-35
11
31
-10
-36
11
-7
-31
-30
12
19
24
-5
-8
8
-22
22
1
12
0
-6
-9
8
-3
56
-29
-23
6
8
-9
-8
-13
7
10
27
-2
-33
31
-17
41
-2
-31
-57
24
54
-46
-45
23
13
67
-51
-21
-30
-3
2
-12
-42
-27
19
39
14
4
9
-19
38
-12
-34
56
23
-13
19
-39
-63
-30
-55
-24
-11
44
6
9
17
-5
17
-24
-25
11
2
-26
50
8
14
-14
-26
-5
46
26
15
41
-38
-13
1
-21
-12
-17
-4
-7
-33
-43
49
-13
-5
46
13
-8
-19
-16
-19
-21
-13
39
23
-11
4
2
42
-5
-14
17
-10
-43
-18
10
21
4
11
-9
24
11
-71
32
17
-12
10
27
1
-5
21
-5
-59
35
-12
-18
20
-24
-7
1
3
-15
17
-21
17
14
4
-6
-13
12
-1
-14
-1
3
-23
9
16
3
3
2
-10
20
15
4
-35
3
9
0
-11
7
-23
-9
17
-20
-23
9
12
10
-4
6
-3
-1
-5
-3
-46
-7
19
-2
26
15
-10
-15
23
2
-48
-11
23
8
0
-1
-15
40
9
4
-48
-20
22
9
12
-26
-49
3
24
22
7
-1
21
7
26
6
9
-7
11
-20
1
-13
-22
-11
15
-16
-5
1
5
17
7
-2
-20
-58
-22
1
65
-68
24
-50
-2
6
2
-10
-48
5
1
-17
-65
20
-10
42
55
2
-49
-7
20
40
2
-6
-12
46
-55
-1
53
5
5
73
-49
-18
-33
-32
-39
-46
-23
-38
24
92
1
-17
-10
-2
-17
-15
42
21
18
35
-66
10
-14
0
-39
-24
11
-1
-37
35
1
21
4
-25
-13
-3
-8
12
-11
-102
10
47
-7
-8
49
5
3
12
-15
8
-17
0
0
8
8
31
38
0
19
-10
-73
18
8
-8
24
13
-16
0
11
-19
4
16
-23
-24
13
4
-1
11
14
29
-50
13
1
18
-3
6
-3
-16
7
7
-7
-5
5
8
-7
-11
-10
2
5
14
-3
-1
26
19
-33
8
16
-8
-21
2
16
13
-11
-5
2
-13
3
27
-13
-8
11
3
-22
-25
4
-4
6
-23
18
30
22
7
-19
2
6
-17
36
12
-2
-34
-3
-1
-77
12
35
3
1
10
-13
-5
-12
1
16
-36
14
-16
29
0
1
-23
6
-17
-2
-6
-23
2
31
28
-4
8
-9
-19
-34
-17
-11
1
-26
-9
7
-9
-3
-26
-5
21
-16
-31
26
24
-5
0
21
-38
-20
4
3
10
-39
-9
-18
-19
23
25
-18
-28
-1
-12
24
2
-16
14
17
-1
0
-19
-48
-12
-29
-33
9
-31
49
-4
3
29
7
-28
29
1
2
-6
7
2
-9
-19
-24
-23
34
45
52
53
-81
-44
-10
4
-25
-13
15
-36
-44
-68
48
22
8
16
51
-24
48
1
32
23
-47
-1
-3
8
12
12
7
9
-13
-23
-31
24
-5
-19
26
11
-13
-3
26
-9
-97
38
26
-15
-13
-24
9
-8
48
-31
-72
35
2
-7
38
-6
-16
-8
23
-4
-32
14
-33
19
17
-13
-14
20
-9
7
11
-5
-11
-16
-7
0
8
6
10
-10
5
-4
-34
-19
16
-7
-16
5
-11
1
26
-11
-13
-26
-4
-10
-4
11
-13
9
-4
-23
12
46
-11
11
5
11
29
-6
-6
7
-38
-17
-3
10
-1
1
-51
17
16
24
-24
7
-24
-7
1
-20
15
2
-14
-7
-5
-13
-7
-3
-4
13
3
7
-28
-21
-28
13
31
2
-11
-20
-3
-19
9
25
-2
-1
34
9
26
-6
4
70
-48
22
-71
-26
-54
0
5
-27
-14
-8
12
21
-12
-10
-35
25
-38
19
0
40
35
-66
-2
3
-23
2
54
-17
-18
-40
-18
29
-17
-39
-12
-25
10
-52
-8
-5
13
20
-25
41
-6
8
-34
-6
25
10
0
-13
-6
23
12
-22
0
-39
-24
3
30
14
4
1
-17
-13
-8
-2
-8
7
19
38
3
-32
-23
-37
26
6
5
38
6
3
34
-30
-28
3
-19
3
-12
-13
-47
29
-19
-4
16
-22
-22
-9
6
6
-25
3
-6
29
-10
-6
-8
3
-3
-3
-10
14
-37
6
8
6
-7
-7
-24
-21
5
-5
-33
18
24
-12
-9
13
-5
-9
4
-8
2
-14
-6
-6
9
-2
-19
-11
18
4
12
14
-4
2
21
20
-19
0
-9
3
10
-41
-7
-15
-18
-13
32
14
-27
2
20
-21
-34
-11
-10
-12
63
-7
-10
-37
-27
-33
45
5
3
-2
-32
-25
-9
22
-12
2
-27
-1
-9
53
-20
17
-11
13
8
-47
39
40
-59
44
-22
20
4
26
-32
-31
13
-25
-40
-5
-2
10
-14
-2
-29
-10
45
16
-21
15
-13
14
-18
-16
-29
-3
-1
-29
-21
-20
-4
7
16
29
-13
-7
-31
-42
-38
5
-14
-8
28
11
19
21
41
-9
-24
-14
-13
-89
37
35
-40
16
9
-26
27
5
13
5
-56
41
8
-13
-26
-41
-10
-19
5
11
4
39
10
-5
-21
-26
-16
19
15
-14
-3
8
-7
-16
3
-10
8
15
5
-8
41
6
-5
-41
-11
-22
3
-6
-26
22
53
-3
11
-35
0
-5
3
-2
25
25
-18
2
-5
-3
5
10
-7
-25
-7
-13
-12
12
9
20
-3
0
-13
15
-9
3
-17
0
-5
12
-26
-15
-1
20
-7
-2
17
-16
-15
12
-13
-12
-3
39
1
-9
-16
-9
2
-2
-34
-5
14
16
58
-14
-43
-39
14
-52
-34
-10
-12
38
19
-22
-6
-24
14
-15
-67
-20
7
33
-26
-15
-3
13
45
-40
-1
-5
-12
44
43
-39
-58
-3
6
-62
-62
-14
0
55
42
-71
-32
-56
41
-34
-45
-12
-16
-3
4
-19
-4
0
-6
-10
21
27
7
-21
-18
6
-30
23
-17
-35
10
10
-18
17
-31
31
-28
-22
-20
14
5
-23
12
-19
-26
-21
38
-1
6
0
-1
8
10
12
4
-46
-3
35
-21
-23
-22
25
29
-10
-4
-24
-13
-52
-22
-11
12
21
12
-39
4
-42
43
34
-7
-61
-27
-11
-8
1
-42
15
5
28
7
-24
0
-4
-24
8
-4
15
12
-11
1
-9
-5
-36
7
10
7
-13
5
-17
-2
2
2
-18
11
4
-9
7
21
-6
-4
-13
12
-3
-21
4
7
-29
-18
11
16
28
-8
-2
-28
21
-5
-11
-17
-8
2
18
-25
-19
-2
-12
-3
1
13
12
1
-7
3
-14
1
12
15
-2
-5
6
9
-6
-35
-9
6
-36
-17
9
10
11
4
25
7
5
-29
31
-4
18
1
-23
-19
-24
-35
3
-22
44
14
-4
-41
-29
-13
36
-34
12
10
-10
-6
-22
-15
-12
20
-15
-22
-15
-33
-5
-4
23
15
37
-34
-14
66
-29
2
69
62
-60
-29
-28
0
-86
5
-29
-42
26
-5
6
-57
8
9
21
-14
-12
-5
34
-68
21
-22
-12
-16
6
36
68
-11
19
-30
-29
-11
-1
13
-11
-67
35
-22
38
-27
29
-51
12
21
-26
-16
38
22
-23
-1
-24
17
-1
-41
-56
-9
-1
-9
29
-13
-7
-23
3
-22
-30
4
0
-15
3
-14
7
30
22
-3
-38
-39
-29
-22
21
-3
17
15
-45
22
-14
-40
-36
6
-24
0
9
22
14
11
-10
-11
-23
-2
-27
24
17
34
8
8
-12
-46
-39
2
31
-13
-9
3
-9
17
3
-7
-28
4
18
7
-35
15
-19
4
-22
15
-6
-14
9
2
-7
-14
6
-2
8
1
-17
3
-5
17
-10
28
5
-30
-19
19
-12
-17
35
-3
5
-23
-10
2
10
-10
14
-4
0
-21
-11
6
11
-4
-1
10
1
1
-7
15
-5
-22
-1
10
-10
-14
-24
-40
-8
-16
-10
30
-3
-12
17
48
-34
-3
14
16
-57
-3
-63
50
-4
-56
-23
29
27
15
-31
10
-64
-14
-22
-31
-15
-1
5
48
-25
-36
-14
15
-11
-38
23
-1
34
-25
-3
-31
-22
-6
-29
26
46
-15
3
-17
8
-9
-32
-8
-26
12
30
-28
-2
-36
8
-12
9
10
-19
-32
73
24
16
-44
-16
-30
35
-11
-38
-23
49
5
12
-34
-4
-47
-10
11
5
-18
-3
-10
-17
27
-30
39
20
-32
-23
-32
21
-10
-10
0
-6
3
-2
-7
11
5
1
-16
-20
20
24
-6
-16
38
22
-51
-26
2
-6
17
-19
41
7
0
37
-36
-10
-30
-9
1
-12
1
-18
15
-1
-5
-1
1
-8
6
4
39
3
-7
-29
-4
4
0
-27
-14
-4
-2
11
-32
5
22
-6
-5
-11
-15
-35
35
24
-26
7
18
-8
-5
-25
9
-15
-1
-1
-22
7
18
20
3
-14
27
-9
2
-16
5
-9
-13
-21
-5
11
21
7
-41
-7
23
21
-16
-18
8
24
-3
-31
-35
-3
38
19
-53
-26
-1
58
-40
-14
24
-28
8
-15
-18
-6
28
18
-27
-24
2
-49
-6
4
-36
-14
-6
12
9
-20
5
36
24
6
-60
6
0
21
-25
-8
-24
-14
38
-70
-2
-17
-9
-28
28
-11
-22
32
40
-35
-44
48
65
-35
-30
-6
-67
-8
34
-12
-3
20
1
0
-7
-27
28
-34
-3
-33
5
26
-6
7
-17
-14
-19
9
13
-20
0
12
-28
29
6
-10
-5
4
-13
-18
-23
23
27
-8
-30
-15
-1
-5
-10
-55
-19
-14
5
16
-10
-49
-8
-23
19
13
-12
-23
-7
-14
-19
-3
-3
20
-11
-9
3
-15
-16
31
-8
-9
15
-25
18
21
-15
6
-23
22
-16
-9
7
-30
8
18
-9
-3
5
5
-1
-25
13
-8
-10
-8
19
-11
-2
19
-4
-35
4
4
0
11
22
-27
-7
-5
-30
3
7
15
6
22
5
-23
6
-31
36
-4
12
30
3
-25
-15
-9
-15
17
-70
-30
2
-6
35
40
-8
11
-12
-15
31
-2
-9
-7
-7
-6
-11
-29
1
-6
31
-14
-15
17
11
21
7
-17
-1
-25
37
-24
27
-14
17
-37
-26
-3
11
-6
-10
-24
-32
-17
38
40
-31
3
2
-1
18
-22
12
-31
-15
0
-19
-10
28
-49
43
-21
15
-33
3
-20
-9
22
-17
-15
-13
-25
-38
-4
62
-47
-43
-5
-25
11
18
18
27
-62
23
-42
-15
39
-2
2
-3
-50
-3
-46
-13
-8
21
21
-7
-19
-7
16
40
-6
8
-33
-27
3
-27
-5
-7
-27
13
-32
-23
22
-45
6
-18
-9
7
-13
46
23
-9
48
-57
-9
-18
17
7
-2
-24
25
-28
23
-1
-26
27
-10
-5
-26
8
-20
-16
13
24
-14
-17
-4
-4
-7
-4
-33
11
6
-8
-32
20
31
-17
-59
-3
-31
1
23
21
-16
-1
-23
12
3
-3
-4
-20
18
-19
-11
-7
-60
39
-12
0
11
0
11
-12
-11
-2
9
-25
-24
6
14
3
8
10
24
-36
15
-50
-5
18
9
-16
1
-12
-2
19
-20
5
-15
-3
-11
2
-9
14
-9
15
2
-6
-4
29
-9
18
-17
-20
-13
29
-4
-10
-27
3
-9
-14
2
15
-29
30
31
-28
6
-25
-21
5
12
-6
-21
-30
-30
53
14
49
-29
5
-82
14
-12
7
-12
30
0
21
15
-12
-5
-14
16
23
10
-44
-16
-13
2
34
-17
-42
-9
5
-5
-7
-24
-5
-5
41
7
-37
3
-29
-9
-6
-8
-18
-5
-14
18
2
20
13
0
21
-35
6
-6
-13
-3
-56
39
-8
-13
8
18
-7
-79
23
-7
-17
19
1
-11
3
-32
-6
-16
-3
-25
7
-4
7
-29
22
-27
8
25
-22
32
-27
-4
36
12
-42
-35
-6
-25
-5
-16
39
-30
10
-37
22
-23
0
-8
-20
43
10
-24
25
56
-6
-23
-6
5
-17
19
-6
4
11
22
-4
-19
-12
-9
2
-1
27
-8
13
1
12
-31
-9
13
-9
7
6
6
0
-33
5
21
-6
-13
17
7
-32
-13
3
0
11
13
19
8
5
-25
3
-17
2
-6
2
-2
-3
25
18
-8
-3
-30
2
-2
-11
3
77
-15
7
-18
-9
17
18
20
-26
12
-28
20
-25
14
30
29
-18
4
-32
-22
-72
22
54
47
-36
-20
-5
-36
19
3
17
-7
7
-22
-14
-52
17
-12
71
9
34
-78
-1
-68
15
-2
0
26
-41
-3
-12
-6
42
17
-49
15
4
-5
-14
11
-12
-33
15
-46
13
24
4
-35
16
-24
-22
-34
13
-12
8
42
-23
-41
23
-33
-7
0
22
-36
5
-1
0
-20
12
-25
3
14
-16
-5
-15
42
14
-18
19
-5
13
-6
-4
-19
-36
19
15
-46
-27
-1
9
-49
15
20
-5
-19
20
-23
-36
23
-5
-69
37
-2
-7
1
-9
8
27
-25
-41
-1
-11
7
-12
8
23
0
-6
29
-35
-36
9
-65
19
11
-4
16
8
12
5
-7
0
-23
-4
11
12
23
-1
5
-3
-23
-5
-11
5
9
11
3
-8
27
10
-18
6
-16
-24
4
0
6
3
27
-15
-10
15
3
-17
-7
1
-2
-6
4
-14
31
8
0
2
-3
-1
0
-30
-7
-27
21
16
5
-2
0
7
-28
16
39
-10
13
16
-25
9
17
-15
-37
49
2
7
24
-17
-55
24
2
7
-9
-16
-6
21
-5
11
6
-1
-24
-7
-36
41
-13
54
-13
-22
-10
27
-18
40
-42
24
-15
33
-14
-29
-39
18
-11
-35
-32
40
13
10
-40
4
-43
13
7
-49
-17
68
-11
-5
-34
-6
-42
1
11
-16
-33
-23
-13
6
-22
55
-2
-23
19
3
-21
-41
19
24
-3
9
12
4
-5
-62
51
2
10
-21
7
-33
26
3
0
-11
0
-21
22
12
17
-19
30
-19
8
43
-47
-28
37
-6
-33
7
-2
-20
3
-33
-36
9
3
19
8
-25
9
20
5
13
-42
10
-14
19
-15
5
-11
-3
-18
19
-80
-9
46
-9
9
20
12
5
19
2
-29
18
-14
6
0
-2
-18
3
-2
19
-78
7
22
14
-14
3
27
19
23
5
-43
1
-13
-1
8
-13
5
-8
-7
1
-15
15
6
-10
15
-12
1
17
3
-5
-6
-29
6
21
-5
19
17
-34
27
-20
-30
-15
6
31
15
25
-14
-32
-3
11
-6
-34
18
-8
-10
24
21
22
8
10
-6
-23
19
-24
-13
22
1
7
15
21
-14
-41
1
-63
8
-2
5
59
-6
13
-8
-17
15
-44
16
-20
14
23
-11
3
-5
1
19
-15
-12
-7
-50
15
-21
74
-11
-51
62
-69
-39
30
14
-44
-3
45
-13
36
35
-36
-44
1
-40
7
22
-35
-35
-12
-26
22
6
11
10
-10
1
-1
3
10
5
17
-29
13
-52
15
-12
38
-41
8
25
2
-23
32
-48
-15
13
-33
40
4
-6
8
4
-26
-22
14
-10
6
36
-3
13
-22
19
-4
-5
3
8
17
-16
21
-52
30
15
-13
5
-30
-10
-11
-13
-6
15
8
-13
37
-16
1
13
10
-41
2
6
-5
6
23
-16
15
1
-2
-75
18
-22
-10
18
-3
0
17
4
-9
10
8
-10
2
-7
-3
-11
-15
9
-8
-89
29
-12
-21
31
-6
14
-7
-23
3
-30
3
34
10
12
13
6
3
-2
-13
2
-38
-18
14
-4
-5
14
10
-11
-18
-28
23
13
6
13
19
11
-29
-2
-18
1
-2
21
-15
36
10
2
-6
14
-7
5
-15
9
-34
0
4
-19
19
-17
-14
6
-14
9
-27
8
4
-1
13
-26
-4
3
15
6
6
-11
-12
-16
1
-9
-3
21
1
32
-17
-25
14
-58
36
-1
10
-29
-8
17
-30
-20
6
30
-2
-21
-34
8
-9
18
-2
-15
-9
47
13
-7
-7
47
-17
-2
-7
16
3
-45
-25
-15
-20
17
-17
-14
15
0
15
-36
-1
7
-46
2
30
-12
-16
-8
-23
56
-9
4
-61
18
-6
7
-5
9
1
-38
11
21
-13
4
-12
-11
-4
11
6
-31
17
-2
-1
-14
-13
14
-1
5
10
-31
1
12
-5
-86
-7
7
20
15
19
-2
1
12
-7
-4
12
-2
-2
8
9
-22
-16
40
10
-92
-5
17
-3
7
20
24
1
11
-10
-60
5
-8
-10
6
2
16
-2
25
14
-93
28
8
4
19
16
11
0
2
-8
-27
18
-20
-9
9
6
11
-6
4
-26
5
-7
-9
13
-5
-14
8
8
7
32
-10
3
-25
9
16
-40
-13
30
-9
-16
11
1
20
-2
-6
-15
4
5
8
1
-5
-7
1
-7
-3
-13
-14
22
-27
24
-9
-27
-4
-11
28
-14
25
9
-12
-13
-6
-14
13
6
-24
19
-13
13
-17
-28
0
-12
-5
0
15
12
21
-14
-4
39
1
-9
19
-13
12
6
15
-6
-8
4
9
-12
-6
-4
18
0
30
-11
2
9
-4
-28
-5
1
22
-6
-40
3
-4
-27
-2
6
11
-1
-1
21
8
-6
6
-11
0
17
10
27
-26
3
-26
-25
9
24
22
-40
28
-3
-27
25
-49
-4
-2
8
15
-11
-9
8
9
-3
-12
-20
12
23
5
0
15
-5
-6
-4
8
-8
-8
26
0
3
-18
-2
15
8
-2
-5
7
18
-14
5
-17
9
16
8
-19
-4
11
-25
9
-21
-3
6
-8
23
-16
-15
15
19
-27
-6
9
20
-12
-18
-9
11
-4
-11
-36
20
23
-17
-10
34
32
-59
-1
-22
-12
-5
-1
-1
-1
9
7
-32
-4
-18
-8
-9
-19
-13
2
-12
3
1
9
-15
15
-19
-6
1
-7
-16
14
1
0
15
0
18
7
-3
2
-13
4
-19
7
-14
-5
-14
6
-12
21
1
25
7
12
90
2
-9
28
-10
23
-35
-8
-26
-18
18
6
-47
13
-41
3
28
-15
9
-8
-2
3
9
-11
1
19
-23
10
2
-15
-2
-23
-6
10
-17
24
7
-7
-32
-7
28
-4
-39
38
-63
1
29
-46
9
-43
-37
12
1
-8
15
75
15
-42
-18
10
-35
19
-7
7
7
-22
-54
35
-39
1
-55
34
3
-21
4
23
-24
-15
-1
3
-54
22
11
-17
-2
34
-11
-12
-14
5
-42
32
7
-16
4
12
9
-10
-20
4
-33
2
-2
-4
-19
15
1
4
-12
1
-24
-15
-13
-13
5
-21
6
3
-17
-1
-16
-51
27
-32
-5
29
6
7
-9
0
-2
14
-3
-15
1
-20
10
-1
-14
7
2
-10
-1
-4
20
-2
6
16
-28
-10
-18
27
-19
6
1
-4
0
7
-20
-2
-5
32
-5
11
-12
12
-7
-6
-16
-5
-25
0
-13
-16
-8
-2
-8
-2
-3
-9
-23
-6
-12
-9
-12
1
-11
-6
0
-7
-21
-4
-1
-4
-14
2
-28
2
7
-11
9
29
-2
-5
12
15
-14
-4
-8
19
34
14
12
45
-8
-29
-67
20
-56
10
35
49
21
4
3
0
-64
4
-58
-6
14
-22
-9
56
-32
-8
-10
32
-21
6
38
0
0
6
16
-30
-29
19
12
-22
-31
28
9
-13
-3
-32
4
1
13
12
-2
-21
10
43
-17
-27
-35
20
7
10
65
26
9
-22
-12
44
-17
-15
-9
10
70
-12
-12
76
-3
-6
-60
-14
-60
-4
18
24
-2
-25
-15
33
-19
-17
-25
-15
-10
-18
0
37
-5
12
-15
-8
-8
8
7
52
-12
-36
8
16
-45
-13
-28
7
0
14
-2
-12
24
-2
-25
-16
-16
13
-3
-22
11
-25
-1
24
9
8
8
-1
-16
22
-5
-25
20
-12
25
-4
-36
-11
-18
3
-13
-7
-7
-2
-5
2
-3
-7
-16
-21
-4
-11
-5
6
-2
2
-15
-4
-23
-10
-6
-16
-6
0
-6
-2
-9
