-91545716475199104
-815796220315348096
-288408226804448768
-327580947362247744
-485026408030103232
-320922437296258816
67356996678452968
-437032459012843776
-106053240893674800
-195778780299307264
-26435554917620672
-599880280394745728
-363604094635544128
-361074217067304512
-541090610021574528
-369752711312585216
131751023485909984
-357352315386957568
-35337010649546320
-180777835393001312
-196443940858720960
-973791990957497344
73691750483063856
-503905872842932736
-444291378622782656
-144349687981739904
-24100225682707144
-138201280440995184
65272126003034672
-285055143395276000
-87872605925212336
-668537631684094976
-122883676173816128
-511047491647819456
-182990945024056352
-60699569964739288
-197318432789052736
-425356286689904256
214609777704368768
-140789346652850480
55947225638166800
-563674671873144000
224895614851743392
-267321547751162720
-693207265288783744
102939685134341936
-596040356280129792
-934260132023475840
116131625848556672
669785090026789888
345786609218969472
-101578781639516640
-583189000290431104
-196796258147622368
115900688284247072
1139160634434000256
-1262346327964061440
448483485689454336
-305478106133685440
-226931879713516096
-82072896713793408
257971970330846336
-787443669946764800
-148395484740591072
1475330314822895872
350630858505889984
-468132915944312704
384497818717795648
-305525894039725440
-411329077653687104
57413727227311056
-1827278433531590656
342895474045204096
-907151983002867712
-1068850113562243712
827187564180462976
-860797286596261120
-541386957137992576
-351258555301815040
-176897771256368960
558397114513238272
1537184627070699776
-1380420599092774144
-151774022988773184
2096477851178995456
345812648569144960
-1622455329390397440
-1432113276606485760
-380637186686917632
43060318210299760
-266632113763278656
-1167971209230027264
333638648315845248
134581179646637424
818952350554329472
278757918104249472
-1704286219506149632
-126512503964765504
219403546271641248
-18309522559864116
630322973221480832
3351971158936553472
-2128256469987359744
-847965048987021056
38320384593831768
304142648354921984
-655805481587542656
82941190094126048
233971382758571904
91617977040726544
-469406000497395456
-1302366183776153344
-197320216958525984
1024192166072648448
1167401951588418304
-62450897891544648
-1651320518051492352
-252090707542570432
618075945511387264
1084807707629127040
663417725307397760
-908374347176240512
15782856121391084
-275866189297243328
135874642934095296
-1679604971074494208
-272414691630707232
846597539725893248
301736313994136448
-98698253142972624
370296074710169280
-235548485241219168
-961948402532251392
165351162103614912
1426848168267145728
-22075238610832780
-107607913006887424
-800051039695214464
425438228007006400
-758946408151788160
574206580383525888
-1328746595686879744
1171189548135247616
396184911707321792
52721836428954928
425162853994368192
-2574236007292016128
-1381203471774783232
734333491937040768
-345440136989155392
-1018448770427453696
-827930470958555776
571971558965652928
-759758671311876608
2275624050936490240
-377439693971519552
-998709726389782144
-617499846636309888
573372370504352960
402860346981393408
1463351453743180032
519772149007996800
92037258220353312
583185437765281792
632988679805005056
-903231860631858176
-1747575986372756224
-1721498984215404544
423526805162223424
1152377722225692288
-995297388604379136
-551440581114841408
-563068147132652864
-59688394164549664
65943408929741000
573109154502402816
-146844896821050080
1003308005966137344
-579853319685352704
765253165214894080
162142071773339552
-778677949228627968
698591132912830720
83127920227771696
75930159472655520
-839343391835598592
-1011469126533773696
-705961638058879872
175791481268876192
-9830813374603102
97772005701919248
-284991177611125664
356581164914774016
-69203431985749248
-40387981344865904
-724342628124062976
-1146749471078982144
-401245594098195840
114846478933346800
1707157172142558
-281928062603213728
-706734338897186176
-56898124234956408
-408388528542050752
-612099890322876544
-323230570479153856
146163368314930848
-454767159783148544
-286416949182997376
-107682118049341840
-154740053978609984
-918467229127793024
-138826175763676032
-395741442002800448
-616238070358224768
-284006582049672224
53965379057904496
-397183292002799296
125260938036054496
-182495812610513088
155562155209537056
-403499467303956544
358869647271104320
-753305891124304256
-261851217176391968
133619969260722832
-414066040836717120
468851731455932864
364385355418150976
766692484091216256
-71147163475396040
-882380092295275648
122254649479495552
-1117607970804607232
-452552794020210432
370646333824107136
-18466359081873512
-357931860457184768
763930360359535488
-77251749399187312
305843978031119424
-437993560453781632
-82874100473072576
-483845851983091328
31377562237893044
-151284812371532864
-308567743622893120
572941326362807552
160618789271525472
515668630040720704
44005519067526080
-594605449837091840
77181189270239248
118725948535969280
-1564828667960349696
-54164683471833888
-580825202235881088
-606910854667405440
249714408158845504
-222739600023989024
169657606626911328
-366493280591367936
-447605867222144256
1309370784363981312
1383106426969848320
-453599121996493888
-1675670394938343680
-803627949975527552
494440607706575104
-61719870985975360
83059533441425936
-535167889042171520
-521555905624920384
-162342251193718112
-1785761593455660288
461106343474673280
-325475429385817280
134728359178947568
-297238736576497088
-508062093593643904
-680152189411003264
-1688801687162714624
-70871376711907864
105250231555084720
-5810449366642212
-555943267378290304
-36522217287271456
794928417959957632
328786978447921728
-120489873341737440
533181821003346752
297462088089478208
-117664670245872784
-1591434380528989952
-883678889761869312
-67070741119250288
427521328066050624
1288033949561554176
-327813059069271936
298148130702776256
-130234572632024768
-1385072612962479104
-619546377709257216
-27053268248783576
38256728844293688
-196567682846550720
1122386586549209088
496158496077003712
16080871537344704
155324678155760192
364235790087648576
-215838417559558880
-854148275346009728
-851015839906885632
1325293664866099456
170990489821439680
-814682873609512832
596258416919462400
-275130937120349728
-773952304467678848
-666331333010599552
-1666008523197901568
896042056524600320
401676387211183104
-1043701907054254464
1020210485147959808
-2502217798877081600
1183348092069011712
-421163568472019136
1984008485401760768
153943404545601344
495607807403200768
-67604369838425664
-664396888096550656
-56824857213550832
-1269441586014894592
1313445104168766720
203301096823372736
-309094595831666560
-207493787596947808
-848418251873543552
-434106540104040512
-82458754135010960
646091758947181696
125717669341840848
158596965329865920
-1903597097379052032
-226283248891060064
1342658471536801024
1343691622661488128
108543264456860688
343099317889868736
-48444018361066304
12608379055487690
243883790001197856
647864591089300224
-2430469037674744832
-283803998351036928
-416178957735968960
485061269635303232
-31045696128363476
-975803803337758848
2161530622855029504
1363285203832001536
854221684820093440
-310340012163482432
-2864444656796717568
-1740647674901957632
639161128303014656
-652918832616171776
84043485868918688
-1968415211974230016
517112731452763968
112255080884778624
6134787746034028
-423369198133999296
-2731857121600090624
547235977485959040
761380342312390912
959031729246950400
-770535799314567552
375989570565404480
396060712986043904
186592613787187232
-452844722574812928
176130671401548288
-1119020254447892864
742286446105393408
361674365417757056
-323830120351676480
945274848249580160
1263453810058259968
-61828473576153072
212054794057744800
-661939803843846016
-171141978541369568
-2042069169827896064
671728840712441088
-567143823964477184
-978207590705167232
1486266431071946496
561232374759145600
742719857627447040
1209091490262161152
-900504626116481664
-1521130245588569088
-1107969464576153984
600419345751155072
43746112201023392
324086697684295808
-125277043991246448
-729792779398996864
82752244818299248
-191786539286354592
-781086643964102016
-646680466134688256
-66160361615647368
-307824902386127936
-160371626940699296
46410765654900000
-14274779599027338
-668447828315374848
-1158131339668554
-592465399923904512
-366542075485539008
-43945103026815584
-111575251975535360
-604518948371595008
13282420981968460
-22083633912192948
-84917706979478128
-570509556026117696
-87474064349139296
-319466732838935360
-663830932766821632
-572492998218751168
336040178352869760
-1226264607119552768
415295959844076864
863583002027487360
-64542195625068184
-858581464946207872
-359727937458462592
-651029103119972352
-462086208024266
95001115421268912
-72503565705587472
247790694736712160
553608408151393408
-896004816740975744
144440814973707520
-508336256635980096
325888474372238080
-308130897716606592
-53013881578624720
-221205989179962336
-223689747609156128
69036577102875136
120792447595964752
-327081543476490688
212805254107736544
492710718118636736
-184178272243969760
-1155746779977767680
-1149802802819020288
495203115902083008
-152718754775501280
710659569577615104
348393646017025280
202184151959747808
100869294920838992
223409243276526336
-43129644271666808
-238747122878485856
-493838157910407616
-142272826643793568
225199488384604416
623457802410097408
-840648378703301504
8078402054568167
-496060198314520320
21745721923748676
-362296042924892736
-580793175449220096
-589247063847315584
-403211553242431616
682112957327197184
417984510438624576
203497261960394560
388367001382486336
-390529165414543488
-273825352845554144
-640701923322382208
-263945362278177728
762918361311607552
495625356204709824
-1794303565760761600
1365385993512768000
424264892339510144
-283794938882497472
-488019770971154752
-1097161397549072512
-251156690295712352
237457654727808768
-101462461343274928
-208549665740812864
-379628086435577280
-275915794396143040
-409345828834483200
1293296745394951680
-158419536430136992
-1692355529438574336
619193181002189568
450359826293725696
-282179956783978112
13058976378056740
-1580150973874744832
313581825626310912
152259615702979296
568546244398606464
484415462760512576
-164491675259533696
-401665589973840000
-1004284521966424704
-420396388871643776
1412898913088755712
764665654436915456
1433435387829094656
-934176738709657856
-1781171861800631808
1094433104817306240
194170497975966688
-643857829315059584
-408326988827130368
1205872005062658816
-1025820049522952832
253298730486706400
-317427685927383680
-1052449164947716992
542886800860245312
-1091526574625982976
1011441339111013376
1243929902232256256
-313066980832119104
64122845425611392
641299345933225728
-2759162602060829696
-86113793905822496
-1228342477179104256
708040618660193792
-1113118191900378112
-118470012292375392
305189742457498816
404334706190371136
-409110176349761408
373401900537019648
-373469603215930688
555473685896566400
-1411476954758296064
-171425227390458880
44902938936721040
728781284796225792
57298571402679512
183509497126743232
-232566605557310656
-1942379715009969408
1118481066615328768
220722007215097760
-805667421386781824
242081865366202976
724046114208776064
1181748802700386304
758697781186402048
235920947635492224
-1590824233712639232
-2456351930916796928
544959402858875776
-612145367819379072
-192277049486891072
1294348090599958784
-397190455654429184
-51167617374737368
-103124252421000144
-171068761902709568
-539227001718552320
-122612640629403056
120199350909464000
551389078162335744
-260303263384800288
-38831753799125240
-104906509338896064
-933825171613163904
-373111243562503296
-49828685933488448
-2897316719034973184
515871860487038272
874538033045056128
871882871862212608
-167449528582095872
1460968061945201408
516129086607143040
-392229872535947776
-398919907808726208
566215727891790400
-75578198892615648
-1962981243352854528
295810976771446784
1326886462407812096
-10598680837850762
301703026263062784
214329888388420544
-95818109296597536
-236478771487290400
-933112224703295744
-329685280567035520
1006199080563823232
-59193848861431936
441396886645892224
724686048377189760
466252941711741632
288434384785209280
-320997489068423040
625487766408605696
479681650756904576
118867688101656032
-1525619400008874752
-1096999470374759936
261127155544199008
70587454785300560
-206118199211492416
41428348131650712
-513259234218212864
-227473534238984288
-402775761557713472
-163393254499023744
271549295497630944
-150450544967258080
415511444636442944
100641263808234400
357402884502135936
-296927723788923968
167414385274146336
-45905510096000704
-197204647982203648
-1314840693139642112
377702468552819648
133370413293809168
-20865942003123752
398976602188953472
756886140937727488
-74129573757583296
263371630457393344
-316086925249003968
424145640284034240
203647214713601024
266720661218793632
306943654247978240
-1131814925117557760
315163051289292800
210773901454313440
640026857149092608
462124841318409216
-544628818812127808
-934014872726883840
-349790770850438592
426644857156229824
206454859688074400
-1291755319987685120
847586375956026624
533708787703627264
923959149982951296
537654730697605312
-299181272906750976
-742171793897581568
-1266186187427906816
560113913380644736
407599431277265664
-1288196097143886592
396257145573355136
1103268660860100608
-362163071831268032
-1315754745759408128
370421501309885760
-257202694033861920
-1140525116356948608
-1099360997767319424
401690222213848512
679447389930732544
853297903532966400
-185683531112592704
-300988675067390912
266564211529104096
-822070888451246080
790970551862225152
15000998061370254
424527266031795712
-24578506085696516
-234377543386662464
-345609410150201920
257728961790798240
-137695751777666864
1985969501565900800
-1072124094240993792
-861114414029876992
203626044772860256
265287048399776128
-340569351264626880
-320391034827288320
-495980019559152640
235378615483763232
354093579884094656
948291184765769728
-106577682503004560
-1205373045503028224
1089682055964918656
-625118552599559296
1444321571164872448
-96076073328161936
-1146641876898790400
-2086844528353013248
847979878590596352
1924428780849897728
-1680943745971888128
-1638146438192849920
827278798865766912
458856190400990336
2380690463789434368
-1854275602466284288
-773962825066357760
-1085322334764775424
-143610485867373776
43212977996100232
-457992542862276608
-1546431422124177152
-975699091158243968
659676557176036096
1404767276602653952
492175169884534336
119969864762114864
318888757678591872
-684743069703379072
1336422548545847296
-438218837667454784
-1256506373482648320
1998038474923298560
797530408698679296
-493766471980200896
678729205578756864
-1428640802788358144
-2288663704707182592
-1099978783066936320
-2011711956702110976
-898444914644453504
-406136801111762112
1554785673113574144
207483089143212000
297115876253367808
604854069605839488
-181289031739991200
585424533544589824
-890012468345219712
-901126811584413696
384465535085717312
50931175739953336
-969023275903137280
1781849042442739456
278789733424262336
469852563380885696
-520058086296785408
-943692012911874944
-190759436159328000
1654046694854566912
901303854335189760
506442394419501312
1452652299653734656
-1385918523007034880
-481876148697710080
25425452935212436
-780544645876450688
-463788680012384064
-621294827830752768
-173790052865474976
-282145700817036960
-1215128998322070528
-1556677537392851200
1744504148147663872
-469031138518312192
-192598325113871456
1621693671961838592
461348031361613632
-316077050710023936
-713655774634863488
-594396511532687104
-719238543496832000
-768135182219526016
-504229187692704512
1400627491908039936
799364563813849728
-423185116444407488
137200615345250112
43483335339885720
1497063506068427264
-189252375146015616
-513611638334079680
602236948986252544
-383355799205010688
-1578526499532195840
-661496903458110080
349051046510100800
741120616973873664
117519432491286512
377287770098876032
-356700778160314432
830863435647274752
392832501972991936
-2582435900628066816
1128848104855076480
612104270166999424
-445072173499766592
359541191950203136
949109684600150528
19720372460466632
-208271964791785696
739614468011692672
-209544831492198784
-2148614720574738176
1234427160253607424
-452105020057351808
-655024500593207680
700845591728496256
-889993872688370688
-253381953473398592
30917449296953624
98232599949168544
-541634779242770944
595347869093905408
-781605056890930560
584592864074624640
475629072454397568
135941979312217024
-235432614731633440
-474135839168183424
411494963249705152
-65279325678857200
-507960227431636608
-66738325006586712
97229792201705840
-855809133064037248
318377846784920960
551925901983407616
96103188416702656
106677872830025616
59695055117565160
-388568423327631040
690218289244165632
515499457695941568
131181754895953504
-1269207778735544320
76981004364344016
323742538245569024
-17580188549017798
-405420965077416512
222439361302302848
-834563501079762176
-334717934046294272
587021296871230848
-725877790666284160
-843674145494935168
298561551088575744
397333267546631040
350655255236202048
-171179081353160448
208091951824065536
-133164159293391904
-53090596013238872
-210044784372916224
-123266559842532416
-1659901859759075840
-253655153538825408
675012474600068352
-89596478941113008
928120478387280640
523324392995146816
-383258035811081216
-553729410388002432
816594816526432384
41322904048134632
-1739756063490427392
-416039114180489024
814326557799742208
253076141940239168
-9020728197635422
-55010874224759280
-563072746079878656
1405506976741841152
318093685676465280
132605846019868016
-1740795975702993664
-749977349149067264
781356884734879488
298224178719328960
430928130892880064
-960856123163123712
-1787766296470059264
89677211668500464
830682368838673792
779539037383357824
232260711975470560
-51581022273838080
720601200567570048
218965069458904512
920822167640349824
206947864182698336
300768232516972032
-284042445902352288
385966767738726080
-728593968170803328
16113841893751858
-475504776454323136
-823738890022843776
-423176604063276928
505983006147357312
-578397697381847808
-199426738475644768
2154871761617595
172168430436307360
601404125934737152
228468390939372096
-102885640792134592
-723889702709368576
-2122104185876233472
-812003362648297344
8187059862014309
2332358197756228608
-2482382642003689984
863941269037270784
-1806471242671390464
-91297080502702288
202455542309944928
41935989110862472
-395808580714553472
-1751371110090589184
147690826332078432
13347284986784996
-626068109503962240
-2354268507876404224
692768447546616960
-395617331911298112
1506611046074447616
1973115074532634368
62970460293987768
-1796710405824753408
-278579728851082496
708758106135223680
1412239877290559744
53108790855729448
-234485854650759968
-450590667296155328
1654103929582352896
-1983828099299218432
-42054861954726112
1877555081011792896
149782768987556576
158357662563514464
2621931004882907648
-1794516763388788224
-661739520427468928
-1198525830349080832
-1171612490024613888
-1416757934678437888
-1685851477342029824
-854099176042596096
-1372017538084621056
832949917346479232
3287008392916593152
15510796137025836
-619952781841092608
-370958889867782144
-75483777434124096
-622707663722464256
-558644021097190272
1498479962684926464
740787660526776704
615975581315124992
1234411584263030784
-2397270236074891264
352187016079049472
-515481185954798720
-32770655254832932
-1425124230546984704
-891580677373040896
370549380172652032
-60541183671957536
-1355150382540613632
1249794940358758144
22251400538731368
750817189633777536
143596780110405888
-928042982350111104
-474803231267711424
-133771678189844672
-311212331553068224
422980260233120064
-408799452701503360
-3693253077188996608
331834629840867712
1664605131772445184
-261131315314666976
-290114577144594112
1730438705459193600
169142601445170624
79452079821601216
401447934181475520
-565757858489435712
280967329319058240
-644341041934284288
-1852018932340829
-26580669717258468
279291713059102560
286259470208932096
1094676383337071232
1357583994584720128
-19390260615899536
672781388385102208
-379878628548762752
-2663424831077953024
617316902116915712
273493736172353440
-320281171956670656
843917761575310464
468199533731690112
-590202793795368576
-30321127805669648
375871693630201088
-685153696685863680
113655292394259888
568869480197060736
-842646255410201088
-887782069115158784
437489123698515072
141036610150644272
-38258708792100552
389478586208611456
473433103475153600
1028198628575745664
-1814715180591097088
442630377134782784
26346987517424188
616845797801578752
-133764349246091792
210485224363497504
-136374966786476336
-601880278838687488
243176290706699584
218223426703947968
-270405246559265152
-186929616900663424
163628858283376736
287292688543124128
-262553450995990560
-397239120073445248
-381661422926672384
46933484534062960
146785193673417632
497236575189184064
-133980321997946944
-64490949687403520
928033556845758208
682826377472432000
-1193074456823753984
269855159865879072
565955638527894848
-290900871523276096
-773152824209888512
57810639363585976
572907200798048640
467809331919339648
-409910824530201664
-213865397342197504
71827289686974344
-470327112942452416
82740206814089264
942221977398936320
-482259208143351040
-306364877009305216
376816556769729920
106456771567367056
-804433345953971968
-904464668069079680
132465722268544928
-156774066122742688
211818580871878080
-858165465218913280
638672834496843904
1065322237897375104
779352989054491520
223652388391096704
-694272189583914496
56138861798462464
209298483145684224
-643526509770820864
1275008256700041984
427573273214684544
-95128960574104912
-1226287129719063808
-136018762873456992
-40960001231392456
-2791463603190898176
411046640348121728
1234530801165077760
91887740921068000
21468389494173424
359065898149475712
-495999053359369472
-184362201936863456
-462501967884719872
3003682840532394
566756532274920064
-1302848827666666496
495723782017380224
-581200782976479360
1040448263125052288
-3146076998441031
16330550471719004
-864062405847089792
208226447890196864
-639258408343766528
-103097439339833376
-218639984848195328
-849577399900035584
36295614564101448
1086141342485922048
980429245333757952
-144530283260789792
278379498137710368
-342363525635893504
-704248773603159936
-1248522576273730304
-622310580568374272
-424504208560148032
11123064192873066
-965272140843099264
-343717607156728960
217103432700341888
-357833144018624000
-128970953468382560
-961010591744942336
-187813826139679040
732315452629512448
-604151711133251328
-1149724574857834624
903614267458735104
860680226275875072
-215651919446816032
-21617426089422172
725567147115059968
-1393523467720161536
-751567993110243712
120249278156840880
99261912839749536
350223960873601216
-1416708824719877376
-341978528739171328
-665910813419585152
-712920714118786432
810573977098116352
885088128489213440
-667088794630480768
-1021715503114102912
-39985679716085376
-454776086318326272
858461003887243392
54059157810089464
-608743166373761152
479966010049974336
606130892484520064
-53763849916913056
-23720558815854912
-685361446956020736
-1744659007282812672
-445637662954051264
-1065867767889287680
-1222078881810925312
318051117291216064
-1147752069087121280
1754679500940912640
-174775662968162560
84153107451017936
1031377996291742336
241107673933768416
-1009810852493011584
1019634464148157696
25411338789008548
46778782319528520
-242042089974903040
221911593506321056
47747685529355712
-327370863900158272
-692490465070904064
-877498809954618368
-863530740387643904
1218292376681169920
1602768053117798912
1870260696185469184
1875518349922681088
-2944182235373794816
-1600672676116188928
-381886125084259200
109753530910051584
-930884563164353408
-473208962528116800
516736713585142208
-1300213286152482304
-1608172601973014016
-2452269456728613888
1719967781012165120
767657369945530112
268856074668952800
557278798026617344
1828919757861437440
-885346785510856960
1695083451385195008
34395755908660984
1138057310136895488
824264056794747264
-1697823240760674816
-46470750863659568
-127716473207862128
261041135680629248
415671888831088640
399730027088107520
240512049827289824
299266832064863808
-481462873736589184
-836939003129642240
-1125543643893841024
855793323700927616
-186300900998972960
-700239716873242880
926860298292018304
389684786439135104
-468982394778782976
-113048471049174464
935701747013784576
-328365964238793984
-3512701900893769728
1350311166454872320
914717034526217728
-567769678152866496
-485475256518241728
-867488763668231296
319708884401390976
-292005682139516928
1707546302784424448
-1150889170829245312
-2606329415306536960
1229095970188281088
48260260837539984
-282121557186830656
1347927530535003648
-216412238502083648
-586609111537014016
-292041981282118272
812780667690264064
-155960742440945024
-1157320006526490368
482641938581098112
-1191461524166656256
683094569740392064
594215965068629248
-494749751686172736
-529819574612806016
715739547532214144
-350433000288203072
239430941399617856
380689033097965248
-206862326802169696
-416323931844643008
-601855025629851008
-273789269295498752
-16795036691810810
286197386417582848
213365328096797888
336012029045192128
-361609570860662208
177582573770647424
-162404731955527008
-1261005248473500928
-708139270165014016
557027378255251840
-277580577077821696
-609055375790551552
174905022772914560
-408584718177451136
11627044826538552
933410835264452608
-427329788689503488
-499912268752567680
-969081953757886848
-149724985618011840
-364166352012754880
-168660588510913920
376139199012812224
-483607487128521472
312605317178058432
-149385366496716000
-839566680042984192
399482368002225088
1625532366901759488
-414280423482529856
392979879849462784
157401363865491264
387053393811152896
1018623856564077952
-233491098109920544
-224956143475619776
246864998771567264
-1389883605183315968
-615195693845455744
-109465524579504352
358773479943736000
-61806497568239864
10290909373181914
-1849797047591436032
597338076228295296
565699212579705472
862585820810413056
-889920439356079872
234681453753521152
-892194352886524928
-264077544428228800
1438825431951161
-740514550853416320
538551151087434304
48309947047255424
-516876586174265024
-271701074063902208
-200656249040463232
-472065144291127488
-253118325844226976
-127429877718692912
-166178993999075968
466992289017859072
83553621894835344
230162580684470368
-1035396508231744768
-778019797118498560
-1018336113420497280
444910342463108160
1099469141576470144
38012733274817992
-410342280626906368
-751623544569127936
-111614254279833680
-714448559318565632
311793597276477056
886957065308629248
-97553688931905936
-70663008602854128
1223893427304303872
314686955053883392
931443896958656768
-226915283310685600
142645823321129264
2491132132844011520
-1757364234178665728
777502326656181120
-2566018641681891840
-955186805269833216
-1978895952187753216
-7781654993762460
163368167734400864
-1001469264219594624
-536847893128693632
-316569983436186496
410888497951217024
751190182903243008
-465964956927524736
-367517739682962304
-1288916480942523136
870649259005047552
-1386552364269092864
682558680330310016
-21840156352891312
1428733784869664512
1259675037577497600
-2389114348078439936
-100821594503849600
89829351094063152
-846026926249675264
60642502269479336
1916845473948061696
-619053531553899520
-657540710751422464
-1449968313758743808
-668080794528710400
1039066478578475264
-646748177390494464
-1439361557425413120
-435135435770553856
-916354689201242240
343393209015050432
-1904182266670393856
-324182018446849280
-214893964685945280
446282396352923904
711876600499627520
-915593540347011584
1451862896282494720
-221258019840769440
275807242375021088
-1257998506160346880
-235424061864729920
899987755500342656
335485259196689536
-16304631682494782
-492695117084703424
-233624503165826240
801869278580727936
407029825181010624
-814193345548291712
-21375551364502256
-1426973162678515456
-899108027996863488
105230809926663152
1074652392020831232
498637517237636352
120114637620758016
9192093554143966
-625907004930345088
-502732026410904768
-313376195379435968
-103309871435566880
-307115832834586240
218485504333724128
682052167559545600
1348861510739642112
103404979793330864
-1184546974615134208
-834523292750960896
-1339575573537705216
903866031805730048
181200834279115712
169323790816872128
1368999985744643328
215252540167106528
75758024657643360
1189947166821884672
-1084619311977946368
-1017479279300300416
74901159924550416
-714735485381925120
74342037190571488
-458440637292184960
-484496536725060416
-1700638079403076864
1010511188702832896
-690551521617710848
-159963860038623040
545112248733265856
-821399738519842432
-826469550017171200
-330467172122067136
206124096546288160
190615084018589408
-913619374930344064
72193780780632560
-216305248898666784
1026262123690273152
-384077538795622016
-225992887858320768
-305029846286607680
77742929051821600
-135622932280599664
-119117644745567248
-380480013023814784
495793721817282304
-1363939124542737408
197341831234030720
283225366053461248
183406752706764864
-282291106181795040
-253789013483575200
-868904966150526848
-789350168284094080
152013961805556512
-197349409284323872
-1220048617112465664
624199958279267840
856723256520921344
-445562464289000448
-325775539838234624
439767245027628096
-196279815133710368
-325259717038989312
122996308340449760
-321829976354141376
41491931237481192
-524545091841758464
-240005625873158272
-219512709033561888
308345066134608000
-99235578055745504
-688216537605514624
-399217552112876224
613075643175064064
122927359402941456
405994639747078272
487627515832870720
-155096543435085440
57106687740022536
732240590531796736
720355140575982208
-700766078711927552
-17978974093181896
-354859839141297728
79820289431968704
344094592844879104
-1498815504405725696
-256773905719437888
-574967405268533696
-670738688083090048
-492792364686157696
1117430083120007680
485888534885119104
-974970046159158528
62095315519454176
685334714599463040
-773731985294401664
-1236510785006638592
-413684779667798080
-386574292134578176
-439600507947175616
2246521380027442944
-283487924654843744
-373787378099440448
-1337255921237042432
-990015442898839424
-1206937815600959232
1618175073974760192
178641148900155936
102534404025181056
-85997784666354096
-1154731564607221504
-933878564387211264
-343625691169973440
764184536078136064
-449829046637839168
57933603311153336
-985554352207906048
-41770151122889504
-344541551328084288
1909406522963612928
-745237216504562048
608840142991830784
-402127741167404928
463953896381079680
278730568112436320
-1703936016912234240
1388335431347757312
1407210448715606784
-2147683915816582400
1557529653846207744
-803433244367584256
690990869021400704
130039010898268096
913500536819623040
-1185317750306670336
-1135404276147465728
441055341786115520
-909006212614436352
-1443956274442004224
-186983914643509920
-78826837566182640
348060614675857088
-534756361109820224
-93358416957233024
-1054327160735011200
-395681916137083072
1586681734754505728
573123741096211008
-758095101028548736
537204720785535104
-476661511230253632
486044232550971584
-658753793658886400
-595082880602323200
-1059821582842406016
-126808216975534240
-55414775870714544
-1070030933407063936
-786536805272178304
-724986724233454720
-163525865321581664
224446038313938720
557275228253554944
1034798045585518976
-502413211284138560
-285798911624662688
-1149954548909639808
-1538053841099147008
-1399076575453657600
171925213582077120
-529340741773201920
-308481956341612608
997299316584078336
369229931668691840
679062193166120064
748574402752635648
1465291665390196992
-324673605394911168
-876162787754678016
-533772109864297536
-488184714538720192
-3210390441569837056
1299373500689473536
1233574487038677760
-1445322595332009728
564375549374825792
314815575706215744
-940864735565003264
952551800359244672
170164506497297760
435066268515354816
158730795020519456
-2037867791729973248
1473622920766866432
259327022801144864
-491585159773641472
-940119193936223232
-1482058352426649856
-393330708804378688
-687548706102208768
149426197917986720
387438490744193280
132209117139915104
1387573959134911232
359357138588045632
-189685685403213056
-765404862621961728
-958440879860986240
-610868100471197696
653886720903948032
539348722132255808
-520595246349026944
-132641892308708816
263273312125947872
-267264634745202400
-582542466125385856
79667293886481936
-365005632228791872
267136026944630144
505519738176749248
177721044297440000
-298004893319895616
1447978777751453440
201138698067797408
-209777481807056704
-1508579455709401344
-423109361340304256
-823376872296781312
105068257719338896
-250846500380590592
-943287749032846080
783727616187852160
1880335351257544960
-140379827051915488
382362351401553024
-1296555807103653376
-20233931380039436
-210991808094775552
101344051814464608
-95096069287657648
896782382487038720
884941895168262016
-669226495832371584
61292151103545184
-201124569749091200
-112743457687017072
148480881180918592
324558878063069952
-277438582339128896
-936166994213985280
-266261367734995968
-485632799149121984
-450461920603864704
411159635898733568
312495642351784832
689680046492342528
-133435499149834352
-15634739215462534
-469522321381419008
522999522591707776
-353505438527085120
91582271598880832
-627696617019211904
-32146291052920940
-188140123317628480
414004019788003136
-968426996235822208
-572397576626045568
-69961087234892064
714350102917291136
-259353889977604800
-105885788127499840
583660039978858624
-606281206037871360
-544537542281390400
415197403724527744
-476899830118368960
-463502188721374528
-114006475454215088
1404052312987063808
8084006718823673
-356375070828536896
-593675275986408448
-334859482751765696
53555075166897272
-82374153741726656
-1246184804241698816
-186796483023772032
478167215354031104
559078893991611200
2080561969702583296
-513847503503147392
-1580235486278588416
-1415667929673281024
479763606410028224
-1878954754521510912
-1242052709650168064
-362362724324483200
-461470950391004992
1342818140321690112
649380794976828288
-800728839684871424
-216603067245141856
-877696885367873920
497936503780558848
-571938498879711936
-2418296308252561920
-751293068349461888
237846453036768064
1155695066179684608
-952954075184967680
-565549346018526400
-140070175365952176
451529874732373888
1611949216173528320
-1460124633874541056
-43848655494241440
-183441718138591328
-458425532887604800
1578933221980560640
1543275930860997632
-1435510043929405696
-2117320983615371520
-130474772200582320
180292890298456224
-2266151448217822720
-2236635200514413056
-505408466461061696
-11868099452825536
1953753964393430272
1488718520646881536
-2588076922025637888
-1174917843527100928
-2019862133554554368
1470526539726919168
-1247774143194979072
-1627936043527347456
-450339749404780352
-598681288889384448
-134473223583231760
123550670820851536
-695459352243503360
-147319249699006368
-23868183472053720
-220790556937111840
-392421926723018112
740201113149274880
943152585971546880
250976891244524544
-775178457381774336
-667798539683603072
191925966553250176
-1110615212971633024
811749624581973504
-613592783684067072
-1266693270751607552
329938312242567936
348938800947656704
-656450624593670528
581133341423912960
-1136382186734463744
1092934377355656576
-1029719048332292224
-815500466298615040
-720736036960227840
473349276148821312
166381440251506976
-851492644785402752
428146468911628352
-713660806528441344
-954189398581952256
-768004973056193152
1348585564262358272
-63540788319976520
180938635213934432
-28944252650382612
-48732881758283192
253387583097940192
343253651406679616
427503425166200448
119569519224312608
-1668686549555606528
-113155759253674704
1237680218605385216
-785605128770811648
-852640618425892224
-815855832419551616
892318904360532736
1024694525348341760
-384340947781432832
-164329179074967200
-876575271251426816
-478323817268089600
-1883244461174590976
-794667563996838912
-416193463110380480
404043887878236864
722181890115651456
397195885222144640
-1426556216081846784
117016281078030512
-1535388800174862592
1538522842483763456
1222961126772569088
-258615234709875680
-2197986090999983616
-981343858324941952
-405785099711916224
-313472047916135104
31204912004214664
-1522139916510746624
520124520146766784
159207829274180000
973955515299070976
221882167236005376
-886265759095332480
-26553428105832680
-168421193495737248
-874517465884338688
257798775127137600
-149875335259442784
506500414986613312
411121681101331136
-397696253894020608
3838841103642045
-356262229668165056
-214091527753803648
-1313737259264305920
246647271843245952
344843472712931584
247199953306795328
-500015410356894080
145567879574469632
-635386982501958784
-74799975528065936
62286990567856616
50101212924108088
-676858714732259968
363704260872588992
126743490263322224
-344695049894918080
232716147498127328
753438858813485312
-247627294891592096
-164801188419572416
-493885258005580992
398807430951195968
-120006293288730096
-783864464519082752
136142730177566640
242432421906000160
-1050360304246455680
-681974470817231488
363065279875723264
558691590168657984
993827093426224384
-323625757089610304
-82468914112691616
-1013529973487507200
720696259025061888
-210274174862978304
-415390578237728832
-621111488213270144
-322022406508654656
42381794930664608
632354628214682496
-920898501226476288
-690564132475548800
-89179499737877168
-443002430666950208
-112020104161546368
8382631225396180
434032671942477760
424668045371852096
10181796409682666
-262336363001693344
104375609176696672
-512913366113857152
8686022918550563
421609329266069824
525474176705638400
-78725377332531680
-181019119059387328
202843041209514880
304544265110690368
-235697395725074080
-1279958636766937856
-337208842712638848
215232959837415648
-1318349111240753664
-647784847332958592
311408042346391616
340402793937811200
389241476808718336
134745132003034640
888201467008151424
235578643785209760
159904297939064704
-1046517287821404800
1107619217617068160
-156106210959398432
622651911634562176
18163798500843048
-853388303996156416
-689151963801374976
-875706584926950912
-1288106714895713536
91118008329146976
-815648791647370112
1556680655555883776
487999746711492288
-153120756261337440
-1501188096159259904
-1073024427184748672
-498612001071562688
1282357842919188480
-1229315840615259136
429512581799191680
352289458273523840
-384746523726145728
-224095912762282400
-804920577728817280
-548323244237181376
-435551871088459072
717940765277115264
-560500130086402176
-826126283608875904
-544367449168683712
-1204594670795705344
-190852080285375904
-159414240781312768
803752080371294848
521059970466120448
1326702340344780544
-1256706973932752128
-516841227494875840
2363429519921351680
-1059699187528671232
63477634041325096
2468105506573083136
2205064906865281280
-2169381390530722304
-1065549060032512512
-1029344578228118528
-11102031513085764
-3106991163668996096
173098896186010400
-1054290277950710144
-1523515756784695552
928872445985600768
-189733958710045632
213567575799333408
-2056203109585035776
269333436404284576
302325697340801920
755027951802476160
-531677570810651584
-466655387850440064
-205981541284362752
1202056239677008384
-2456703879907156480
756542134757756544
-821026306020554240
-439393825434903552
-592961924219188608
190457703904231456
1261641098407081216
2416340185450845184
-401038634374366848
664353557040976768
-1107288564168825856
-1064889496024831744
-415383520030017216
-44165083368961800
439067342798307328
-419894201475970944
-2420566503767218688
1257425343779635200
-817777020678444160
1354106826411741440
-982436366289656192
1043477605683861248
-1848081701685860096
417540768366700928
746659053149580928
-948422395832837632
-591287835550717952
1369088612413901824
758518616370162816
-860106305279844480
-38207798799776056
-889125317939063552
603873845732376320
-43432122019848912
-1504965466479889920
-2053082735223217664
-326315925993788416
-50253816254210368
-348197617963502976
1033925214174992000
-480851909193107328
-259266211845927936
-832834314203627904
79488068730973952
-824399783495387136
-1094142898042064512
112590055893164320
-5443574356478004
-571861117206827328
93092487809161920
-533218009051538240
235768684697652928
1054547134147207168
758990354207017600
-135194436907046128
-1388016966619223552
-1430640745839664128
-1080359213171212416
-810322375109265792
720928440050180608
-116156867336109680
578970569505351936
535242207697378688
-1622792398868854016
772299925369323136
-507770697527368192
-1442981207583354368
-1313784352355283968
187162422878194048
-895844354026283648
-4589465779138206
299653038266622848
761783778814933632
475186715244178816
363049787981443328
-385643856678086912
-398802397725726848
-835299222921755392
-99465449828756896
-989523250481095680
862891321931822720
587221341624686720
1222527656626883072
259014679151386272
269740085393280064
-455253136722477568
-1659203545517809664
-1412153677105480192
53682902674583416
1087462992418094592
-474176059699124672
-348128162083074816
101000494248919568
-352844536057707136
612310204986277888
95587337325583968
-272042777317250560
-1025588334768786176
117816233179648016
644280450431698560
236401560311253600
-1291794215890593536
536064755234888704
-687922660259407616
143886451495128944
-809932358895684736
512826133127830976
-226999487723574848
-506695496643040192
306109651039189120
71085486153748176
-274049450521188416
-517963839031695360
182201367354373344
-82693355867096496
274552392861365056
28470660233169720
-626936174071084544
89169160414840400
-205023735911385088
611337698003946752
-372226726248942144
993525550849936384
144920050090126496
-1090901201824174720
-718421363507429760
668462858370372992
-435225380641988288
-640872314830393216
1258084644952956928
-125798855987808960
163546793598417344
-839365582938392832
-364854089821946496
57664838576327824
345990560895213952
-369273189330475072
491503659526457792
-177203039064933088
-8384885776535555
-758671564886514560
-396356362958691392
201618296660139392
365848288159161024
-153914560362598912
-61263863126546352
359724368468315200
26512096362750956
13602911880821354
-264933547060776800
523851551303419328
-208284142252155040
-810574116079255808
-45631308265114576
335017524762705792
-376510921373768832
-539878652190231808
-889481548485453440
-1458244741761292288
-312719498492534400
-608562853105889280
-363653395177155008
1065694225530310528
-129581524126117984
-447543880535077888
579993012870964096
1707957325380499968
-1233985346773334784
-111932076644930704
490760236565593344
563665830472683200
-2087890588571429632
-130273541482205664
-2291771507699878912
1770818931453172224
-168072445988500416
-2030865436944952320
-834226503934122752
1030927179453483904
945023054221780224
529050607325212864
-1142257326158714240
341207231820769856
-2317934188678126592
-534237712949011776
-807045541974865536
-1142306222391631232
-571828343523778752
-45356048578088304
156902498712193600
1725093874602362880
-912304751307161728
-1319196552111413504
-514617344699478912
508416918254627136
-431471619337273600
-1373263700198103040
818175820460085888
-37137219170769000
1205543737687634688
-924429683674423680
-125760659157959184
-1152321387410069760
-811995352480390528
-218158480250100544
-1061273438166965760
905238036001159936
1642937956842745344
-551658795830174016
86963176228852336
-614246309446748544
268979040926249728
-331406919358756800
-1172628517261581056
-316153797824520512
-954559560846590720
405758323737846080
1080091197279939840
-1017491255666886656
-94740387000548400
-1299284725066298112
261346608126490208
-465245480354688896
297446823446900800
345549565580702144
-691198680258770304
-1156201255018236416
2624886021283840000
841780242316791936
550283778250706176
-1589106242397383168
-586386503427178240
-1097557888876055936
1251701801438235648
-416948176148244160
-1397607098075970304
-845405585915930368
1750986192222739712
145826468724838080
430310684677224832
-1226367495951592704
-168842083733072832
-1709862389429351680
-381068109267000448
370542124981704448
163964770711802080
-659647807959256960
-113611439753898304
-369184864552222400
-634270199052226688
953632064296892800
-1086886175206477440
1399654611944345088
707863334076007424
-1168878058512689664
-854454212624027264
-1157462632301168384
726027693053357824
-395398734366228416
-360882030279992128
-34149280399095024
-233007393936776224
104024342128304496
-83088151233803136
-272772279916913728
370678149446664768
160867778428257280
33737310156832392
-604331961563798656
-732524852994022656
699022983919821952
839360758438449920
-223866361223903264
-589604430179490048
1344032449814139392
782543926052507136
-1843959350175926784
-963760542129277952
59746439076824320
-228552387574413088
606017204310889600
-706190722741914752
1466794521841422080
244617405020513440
-8016260920758939
1321423551886717184
-1320245393274896640
-382802179432362112
-1102574593774750464
-344514729366626304
1131858525544959
-461007289386921472
3552704055084009
-650235522956079488
508704216103232768
-46920365225302736
-214618295637998240
-67483441642822608
13800209419415106
-322555590954237056
196329849897169600
119435652137411472
1370584579724114432
81162291116971088
-267935229362540512
-1057529566685301888
-159167672570580672
130252081765239936
-25637802582315768
-996793842441305856
-524238208952599936
-167708694820242816
-95392720105879216
386062239453243584
-1179037766177745664
150295929302679712
784810137629096832
-248488422966220000
-184036154227397536
-424660437814151808
-540432424165366912
-1262813187411272704
1240976624265946624
849273845065660544
-950079709506657280
224760349547418240
646219642803497216
-307598208577148352
-199673681307238304
-909926161453370496
289146254003477248
-552272177031681728
-47678068479834360
-40588789361565000
-809438267373542272
251679599858546112
613077198746320768
718922449425078912
85100161969653888
-533718777554613120
966797343080878976
-330731743352180864
42583385769895528
-607251105192712832
173025857715949248
-324403520301517568
-498561707496938368
-789197251623611776
-204511246856862176
360880194096800384
721619336533347712
248343975740809696
-1478759918246772224
-257002010793274720
825639283321726208
751871168108717696
-609287948436271232
-663967651339462528
259903318490883584
851724810670633088
-139658357260930768
-1121472956418031104
-1273023549841741824
-130129050085856032
1361913093816996352
673815208893162880
-1930865844190429696
-965493309974702848
-61041728950025016
2060889979788528640
-1443168113452645632
-534283007402796352
838258077311843200
-1009262814998048640
284641783428481920
-573087507345133184
-656902335774763392
-250404108496037568
982710532020277248
631681144074377728
-987624941278267392
-883037434152289536
47977450910947552
-1768061031988556800
-245847451486107392
120573703881604256
-1326827881592778752
-531687255511288000
-217511024916688896
425081108197192640
290400810650783872
-742723587052493952
155716365777506464
1266472585063297536
830674542632894080
210391036951619904
-2163771562466811136
215276166409666880
-15696326114878476
724006914892770304
-924418135141024768
-315453226780262976
-878485277170181248
-513806282746342464
1339944231270834176
-2543425465326266368
-100265865971586992
-617948507282546816
-332420952414038400
-1010806141095504384
990595162804546048
-422401729811677120
-807270586491970816
1148277858892902272
1436671679958695424
-1291605871637502720
-1606389608656162816
1726268102536943104
2308898492553203200
-1296501191947494400
-1100185878637862784
-246854312984593920
-2448541356737371648
-321151124598832640
1222177065822329600
-440985631407149120
-133516049953346512
714648106173296128
26025124613956344
-20000920602873836
-278014688708374176
-990396048085711360
981451721387316992
-1240602835705351424
-109578812386327600
-1206662151367943680
144244149457683744
903196102035457664
-240113561428607072
236130623879214656
-621197107822241408
-505490935025399168
-698743917344495872
311401894622448320
451955669521097216
-746753833330194176
-34918983599177380
397488495472077312
-1038854416003391232
1016278940059033344
211193367160880480
-368181446723840384
-212970748278170432
110408568063036064
-492398754875217536
-684013815705937920
-862486086090767872
794396507171072512
950506215104067456
-304995438782497536
-1082946627350857600
-551323467796819328
-49912471385664968
-191529443932113984
-378239986104204032
-1996565312581359360
-711182660243680512
-504769134213820864
165103668901753312
575510622647413440
-378123764208740480
-1781745712631771904
-315706449948843712
-855533773648236928
653965102986899584
442821234625449600
-433267591580401856
-834947284657266304
-254132396720299136
-538389678193397632
-694288852505051136
-136256345359399024
-123703987942935296
706557092311412736
-428041501541656640
-345940764509255744
81155323294994176
-550679127329261248
-580557381034127488
1101798409231173504
-303256478248703808
-340775768490683328
509679280048728640
-916692484038517376
637991257782140800
726512229603220608
-540734115697063232
214655962625314816
-860761439265739008
775784490620679040
-592709972832530048
-338083647561686912
245667352654483840
-1086101379348105216
274961071132142816
625037288221256576
-332692186376665600
-112732405694309216
166842034074151712
153928399233298336
-59880651799517288
-907936435476651776
465168770393319488
-308228967931093504
-379918020296676160
-303224769739837248
670005434238943360
-402921060010059648
-93811424447423424
674073403042979712
-161293174220390400
-1290642267995239168
139926162754431408
124023914250389680
-20287704677182712
382385855473446208
777962080049563904
-972919556073633280
-263684288121412128
-194014529019155040
-1108814291126102144
100881286676161744
241367409437525632
513674605765791744
184081177465243840
788011970647020032
151978031638395072
-863092114828214400
188368243020665792
-1122065177849676160
1262068709201281280
-165475400795892384
417232838014858048
1057934806393121152
98755500396645168
-909455500273249280
-569897661980040128
-343267831873958720
-576200588825560768
603921675334521728
-2544509580443690496
-1109843819165849088
38558877629874416
-236314417093460928
1226316013925926912
1415441717988573952
-301098990716963776
378808584320496960
-436679868215333248
-552157516260314048
1102775003431758720
-75713579697162336
-340267426547223744
-284302942035714304
-271365637160211392
-234609175657306464
-417043493642853824
-1078779664274318336
17986392853406844
-251129537356292512
1090518466556807424
-518333664778013888
-567007830218579840
597741632369337728
373804368619019520
744929453936398336
223624617643941728
-631897715240753280
-58631528413833032
-920340820929099520
1329835608229281280
-881684800996350464
945830177050817664
-529703494418217792
605835559949596800
-1367611469400077824
-938026069673489024
-112194956816616496
363904959278461056
-233817945901692128
-383146025679751744
-891927042416969344
-1179933826818984704
-621175714429522432
1336413215853270784
1408369543513215232
-1133206071533527808
91894163933113696
67658518794833280
-54899007812291152
642670764541718272
-812771307407043712
421036020359937728
-1122944174240650880
-551111237152314688
-17863562165516504
-710168308431751808
-373497646918728896
1003113607523143936
-1768427708495036928
1525610335704919040
-770990634871726464
530704102710539456
-1207373665640356864
91884206114224240
-721977710145108736
-335835169831482048
774283952028503808
-622937902452042240
-551223238079211584
-490315086875224448
-917759173015928448
-1395246815243248128
-154556851314797376
2199429650161426944
-1710712583116898048
-1551168518634617088
-201667799622617632
-916206782667691264
392901805062891968
647346908667095936
618342319156918400
953391206378041344
-2256966916767506432
810637379942087296
-1539341678124749824
-566277501814184192
1387143804272686336
-106858850398342640
71004931170158112
-130082242569184624
-1808092202259618304
-141500972647758368
-1675153698822796288
-468811113674438080
-312171227647595328
745294740206796800
735969136574810624
-270027494608887136
-720355695065467904
-286912237763459872
546102264535788224
1434677832091824384
-226510179661283040
285290558550923840
-1219476982215583232
-982589401189779584
98148265173092784
-974911717042450688
-212523779755072064
-261287449264218432
-987231939628571136
464426447916637440
-1161127885751264512
-859252421418912512
773652480312368256
-1637051840341262080
209929261514279008
-656752649899763584
-339941591565492928
234648465820338624
-489881557104920384
1633183564234530816
826428595162298112
-324441790432152064
1694238507546020352
-2089491050581365248
-354284643940223168
-664893085574572160
601417746002494080
226026830884049952
-87556619850660064
-895532890465910016
898310356968903168
-1028453482940439424
795748893569644928
-66137619051379104
-946239810833494656
972210440632051840
-373761214472600704
-181091168549264960
-950895091030764160
274583065220888288
-721353999896285184
-598362016540475776
464481466369207168
844725580663147008
-530075182932746304
-624384504128820352
-165308360999770816
-160946270518277920
-268480441647101024
-146918033967300512
-1224551523468664576
391316289178363392
197802158517089152
-302048461885640192
-1153508483684300544
698471130994845184
1089072671837795200
-630332455594512000
-2156631983154963456
-121921341755054976
-1128214707550742400
1981001803520186
808313350576417152
722281242315731840
-594519886584997504
-66536490545839512
-863332031280187136
429415251450065344
99790642040005168
-109280228329471520
-156004259890953408
-744875973821049600
644846165130851328
-689248201244701696
-422413655138932928
-280428486825124928
-2192743123577116416
1374101565823651328
-447454980414065088
-25686162596906384
366456571042771392
-9313912390540666
360373272963341696
-439260236500427584
-422629309411365504
-78028875724509136
303151643570281344
-908033103344859648
-876007882107428480
204997035506409728
468649340979832384
95603719881973248
284540993328136864
349891035869953472
859845889890172800
-1314996046717325056
528431462726461952
-1814314084747677696
-207838347089749984
619236389738524160
308474010037367360
-607795014852920192
30997362272743232
-453373280917212992
-74036247508656464
666241406263675904
-722242373644618752
172126676498790144
-571004569146126080
-139547116061457488
-406102375598911872
38397782276207512
-347922054901665216
485929770690335232
-350570617931608512
513976239338130048
58178973503723696
-217004466172300800
-178319540931289664
1018464013130565120
-333001517750173632
622286768225192448
-619579343893798784
-733237217633175936
-492809750068567232
1011809318068381568
-175965104861514432
-361006116658295232
-983366731526866176
78850124035731712
-329529641078553856
-539270033634026688
68913423283848792
508000063624500288
-1058188995072866944
1058683541458104960
1081271426815073408
-1023400911492369920
214388908121328864
-921236528489892608
-778161187275923200
177828989205792448
421044424143133376
-241334455851930016
-788906042523846144
-1086663060373571712
-1105133353748541184
1895490605825841920
494370634377343552
1742819357470586368
-1065243449232302464
144271152443958144
-2965088502993062400
482607171183781888
-458356222007545728
219374488759581184
-449781922021774016
1068149355170639360
-20218079270137800
726141777046425984
510267758211576832
-458776621513248576
-189174860605436640
-506151303111861888
541097535688555392
827051607072472832
358311905318761792
-1609738128681923072
-585223121097101696
-494657699242442304
50638862650112168
1200681688955840000
-644646431932162304
-1539508880854919936
-328865657149884288
173481973974229632
-207629367005021152
-277100670177629536
-868278224472319744
-188716446309941856
-193000643800305088
1448546878342534144
238142971926160800
-1354387029532902912
83111550035201072
-1051180272259242624
-324799468524041920
-245786824239058080
-313480560813013376
-655566472043913728
-201297009395737664
-536691221621622016
619368613658339328
64595767617360080
699817005308563072
466537952072311168
-8683733549212211
733787145676825088
-1290087284814803712
188885286996722816
-242325680973116064
-502486271242464896
-138862678313093152
-2033930292273389312
1391391948123447040
-317275788226610432
-492273784213322048
262017864298602272
619693693774493568
-266906278549427552
-2858848241314801152
799786664752211456
-252594433557953344
-629744322395988480
658884730812741888
11881354736254460
-399693492027798144
76667452998231040
-1178812185647623680
-216919080256512352
-600039805084739328
-134130072404954560
-928064612892407552
235545898072033760
-145674231678619296
251762367758182816
-1071222272438018560
777480637333502720
-983928278430282240
259921539820923008
887839790025841792
-810401799210029056
1151227590359753344
-974020139110322304
-145901038373331072
1266135091473124096
400410719050092608
-1522517724511634944
-1284712686408854528
-222818916637408640
-903375185952161792
-194228143060080864
-601595549735193216
1375355366291293184
-1090785323268301312
337850527706117504
-1367515737365347584
766836135491856768
-847392890231794176
-14441955263850880
-288625866444886144
-737971657988227456
1516908816710591744
356237402148832320
-889861737149344384
892498759866048640
2007073596231827712
-239729133730019584
-834208948285396480
-228008177442940768
154947740323573664
-631048705907088768
678129780986613760
-227290717133482048
112782366660184704
379794206721830400
772774735400323328
-167822570899627168
-686862461930663552
-463101639248661888
-342113823042983040
67363750445485736
-40782501583265472
951719667196499328
-315155975216149440
457473023757051968
22955025151034672
420030381507849984
-1142544767083438976
-333982994413850880
448639397753162944
-328994658643813120
227766459960698368
184700706067222048
203305056928183872
-12771547460788662
-1210498313062058752
168664136246959360
753665215765121280
-232946539772075168
-499530563140507200
588768394614312576
243831858300261568
-1153802359826935040
-481903195491481984
84275225305959920
-21457039922736564
372191900517279168
450664909410225472
656638214219417472
284709680768530112
177643970786389536
-912656455089805568
96068930100202352
-645228155340524928
54716203406934736
-238483949012371168
71813102838040192
-77205795028425392
-119886514495964128
894907544582197888
621841699548753664
-321327255167536576
-124829073670514144
-1081444152145589760
49630014625658288
-73883807702801616
-400410027874050944
107756261742614576
2739609316087520256
-569819301290673024
221126782907113120
-673708445992571520
-335420984699590016
596650282696249216
645991521217841920
710256544433611904
-959147664853750528
421052436323138048
-1039460882661878912
711367933697104640
-919420898068759168
482598456308018112
1065493625271283456
1015878663581703040
-669037532430673152
116217079768300720
-1158205867523005440
-821022316712856448
-2611620813011969024
779372349252710784
1920149897272432640
1671428042088752896
-1297794637009344000
-736820535993042176
-199609259074780768
-1303115181702597632
657372453427938688
93474815732457776
576779984447611520
-285309481615018624
237702036305121504
-802799520600984704
-519244937191605312
-1874806785030931456
605380506896519296
-432825536486214976
2539194375560516608
302742007836496256
1201417871817009152
-2827816384911285760
-69722397986486304
-2484046941762820608
525992489200678336
-78048179230400960
-28502676563895308
907165005415733888
-1509545480196467200
-127354305996248880
-448237220290487616
-238686875155761888
1499081874983242496
588175408155218816
-1775121075436636160
525436306291784192
126534972778438592
-203699729471244096
-528375440903239744
381620377692270400
-440430652794449216
-1214031034670114560
506494164110893760
-1683328434407382784
438052610395450688
841778997059772672
127062751262756720
-1292392813619595776
543688501269548416
-872693647208968832
-809840795817626112
-1245750205321633024
437519118832766464
-446136757088638592
256911582830526848
1491293245123296512
-830915826204937088
-1501545574105656576
804165939692633344
-1206069965259217920
-263124883495134816
-1758115541504677
786233723341334400
-1323525556122642176
179872196262149472
-59800832253900104
-14273238914235710
-747154569266606336
405300956877663616
-902745986582057600
78873874044840096
474755510506582336
-590792986884276864
-182230966624704256
-544728690283971776
1504036040964992768
471418540230179392
-648777703645282944
648817848634582784
-212556220966080064
444717601830107264
-246462524348522048
-146026027044574048
-717601486884926208
-1322972555348289792
648689446140285568
504476753096664256
-1682993810558521600
-999858398687749760
-68365429423651792
300153205853022464
-1769475045775060480
519329527734632640
714911989359974784
-192253984847843072
-720135166831807104
705418727412968704
-849973394193955712
-1299727230746774272
820254869844836096
-183020018929088448
-2508548601690019328
1323705425133125120
-89117273938254944
-276801561428754336
11368396612829980
-337562917775172608
275210677513613408
949369756827139072
-902454827818963584
-1500785760924685056
-51076089214235064
-409459693973849856
233913673531854432
-447736615187785984
257976702298277056
813475921040238848
-5372649295023820
-226498116682792000
1021981088153773696
-1261141522387621632
-1298000561320288256
292838404212067136
-2350612631108712448
682523665255624320
377724708513867392
-176477193264289056
556246345831322432
265202847417023328
431041355028014912
146850396017456416
-276855095656781920
-6320820047610714
-846323808088471424
-147929746903231840
393600475606948672
409400395005677568
812685341784499968
-64152697840834272
146005987044466240
-129030734606773072
-843210514339415296
-198042707698908896
-404364845181748288
163308416967908928
298652235825877056
375786264356651328
81024197771277376
-318819816399708096
948911354349981568
333803131917268992
-649151197001378176
211370887822667232
-602018175555745792
-893790676915958144
126512004397916240
-23769931523499996
210727581767023712
100026422219374576
965156228204351232
-560188760152522240
-361871068060085312
511889802096600192
89309610034224720
-636552719331699712
-286715110223500512
5140458403382075
-88779910387443392
-228207166666993280
143789449931751504
-517392694043400000
1092676526260467584
256023438516681344
-32954827263566064
40692668707118672
-140793273496374304
-50877932932895144
-34184371079709620
-1111548643068107264
-281042755807168288
-1007597090164334592
733670474483304064
540606633034981184
161508821897966112
-90474838079465024
-35680714876715400
217870985941170240
-1039652453257760128
568505270223098368
1371229173364638720
-387937444972316928
467254339387299328
560934828922043712
-911424660296900608
298182068048915392
589612134701727104
-556102076002639488
-1350063906132353536
1737488322967076864
64170824395659848
238648600605271520
855318948584731776
-623570699734093056
-2014363094557849344
854075413545506688
56444177424008624
218760299875903232
-352876316729721792
-592357955431438848
-240374100928773664
747811994484173056
-205727356134393888
365814572040897216
181282810908849376
-67407516552641528
-877480990759631744
-263412080346723808
-1325951636370346752
1471513824293053184
-492237135163482048
1943354779801805824
-500964788716810688
-797490254326587520
-377616654623906368
948604713600460160
-670075807543315712
1406897112705859072
-1518916016476251136
857384196477024512
-569117562212457984
1155896020578251264
-508645306635581952
-1068428942428625408
-1434740827208627712
618084329555279104
-427175919500017152
-1288448704389987840
-1160527093191849728
1422365568061921792
447705681127288384
358606135052357056
-1458190941357692160
118471212915661408
-1556194569800243968
453702156161653248
232377385254780544
-1801223929150427136
-615904933513957120
2444936884989452800
-412666385103834240
-192692355762756928
-1226086442361324544
-224476367821542560
-1544529515517756928
31623607238753040
382205450777612416
-611983385973817216
-1201038639364492800
-859952079688745216
-493251339700497728
204572307095909376
-806591876373952640
1947656774788076544
-74150553389260576
-860724505389118464
662779547648729472
103200606035007664
-791315139796944768
-1511483161420518656
679362541567367552
858929259307570688
-118652298622452064
313756891879212224
406417893631736960
141444530403070672
-186596437509371296
-2248518423247213056
1834978570680438016
58113941251912600
358849374875031296
-780867500462097024
237029230832329088
-1211140848221733888
904851843884720256
93071230138765328
-29749163563158636
-405257137845339776
-725315628610726
-774825780316308864
781699534351514752
416156752366726976
584754225452883328
-718842195972088448
1061016071068019456
-711274684858336640
269744050661921824
1529323012871705088
-1725220780219154176
-1043138138064044672
1300425279297969152
-243672702804534208
-1205123927201754368
252073260145377184
-75531236468288480
-752204226235361408
75008968751492672
-1204244890697446912
-1303927025342796032
294172740939954560
76958472461935312
661931359770753280
275629921972525664
-936565401337366016
308520994977978304
703176836396681600
176598434234550624
439439899697509248
-1522614293012128256
360282410221211328
-508988367912701760
653531317670149120
-556916233540039232
177316055765780448
-406464632559513536
-114317466687324496
-672376491997586432
656885061822364160
-2883288194692273664
-343183589926300416
1627580936275611648
-324793997087066624
291742764716965184
691330746865638016
402163323519495296
156416314045626720
682100188236524544
71615327090633600
-1079774654624682112
619367655324528768
-519080768939215872
200088437333111808
-27415152259279952
-75484920560134592
-663685369430966144
73573895872570544
-89272566521298592
682322892093495936
-2826214401520160768
220159307994814144
760387032232104192
485696035621157952
-504508483394280000
102449108991615232
962066371445761152
671183916089659008
818003059449211648
166037127502493152
-1558654066250456064
25488757870362120
-499390311618932416
-47647664486374952
280523014081469632
-491436027626109824
145609887011061056
-288744186809999040
-287614629725830208
28560436398044600
-558084824880698304
520157962625597952
211000645374610304
-363748355558803648
530951274665168832
-459054463868813760
29394738174469364
587975724581681280
98821748476970096
-180558817268005696
-234084066000562080
-1070554129637280512
198736834276554944
736168077664734336
-192582122884882752
656155758727435008
586995798114239488
-1230015005394678784
943039021844395776
-751060721441966336
-1086310966043331456
-562533320191930560
209639991254220288
1110125147424661504
514103429653730752
895393294058777216
-513910063492859520
-1153622005818627328
-119186243091164240
395745438885884992
-239222320926761280
-1242172925880609536
646225516849719296
-321364798826928448
-379123570983483776
834757717268330624
723582933858352896
791045066690789504
270872029602466752
358469310582152192
-226369104556685536
-863312854760634240
671604085643380864
-884531293869149312
-468446310946163072
768285330793540992
6643915709364131
219055693779124896
532068636174023296
735255038448749952
-527147864283757120
-1502309722546125056
31962874687584028
-2299816028032263168
276399913895377216
-75196517399743648
166354786855229696
2094432943123102464
-232102441440061632
432735971919034176
-307195103228149504
-612707131151337728
518309597128000512
-1615108191617498112
571200156996140032
-733621845602158336
501932830733864192
807363950306263424
-430045017112606848
91009099477777696
-204336627026440896
17907409262509088
649135198301476352
-561273318233297984
-432736652968132288
-265251369629523200
-1834450060498539520
522249091543499264
-769628720246153088
2660956058746873856
-423116134770729152
-1870361518888877568
2221577348967394048
-2487518084843126272
-1427498015486569472
1070227060706731008
479181556724451200
-1599133110383666432
-122795872769307904
1618845175966070784
-484089988980756672
1286472101896246784
1254819691095234560
-1318208749855319808
-1617202525460526592
31194005131046624
-1452603609875366912
218605662673163616
783825960298345472
-1294235810801309696
-1282953196100836352
-434740391539305024
-966656337022450816
774523698319334656
202100494019201056
372111519203592192
358420435691729344
-392551990412247808
20635312515863280
-60292774508386592
96808313244877040
332551020722237056
162206608744038368
576655598408732928
-1053164442370057088
450182819331973376
-1907879436031620864
532626290954646976
-440553105191369920
1353173567144182784
-1512142702168508416
260908346116392576
874144690776592896
68912139832089304
-830999730502097152
1134707098191648768
-1762242997699914752
-569206755888114816
441185873930089024
-1196273309461218304
1441023340264931840
124724429930116112
-247938965247272064
287935516179902240
116477659317287280
-960015489912162304
-824012331159636608
486633296631465984
-367704221915511808
208385565907012480
1292194679537659392
-143133677329664432
455703616275655744
-808476635978503552
671349170931546240
-168792397563342272
-208668798851523552
89264976022734400
268307434283243232
583588074270447616
-593634735727394176
729918773930452992
-1886045725213449216
1063034228654636160
520216546253772672
-493195879682997056
160618116052473568
-1107078798082150656
-386184759684188416
-424732936159589888
-479425395404759424
-233347785569942400
509541382006696576
262552814849823680
-504356986024880768
1302004937739604992
-609194055094653184
19619396375745816
447923620358189504
350542534391447040
-1487709787373378816
46148272015608624
193489791074254528
-189498229786682336
184750249847599616
822802140788840832
-602657328928559360
507569632792247680
30714835963513968
-83195167202864768
-2728945313503943680
622470375677191808
-814307477151354624
-366433033702629504
637065281860252032
-128112732401803744
-20461907976841508
598504650574955904
127834555968308880
-332406770322227200
342378719340370816
272103120210968736
-389062032710862144
47903099272652464
-285715383080687744
-123039049640443328
-406873825893229184
-540950007009102912
319428668290106560
-312062312131313088
-3208075265600606208
1014092944175583616
-460588332275519360
-765206643217942272
1108798629133127680
-230010437988829760
501413962118856128
-266361391605238560
-855749644636080000
92870539473598448
-1110156085539750784
79711278601794688
1215918710713031680
331418056758728512
430802482187742144
434573218564583488
206578310590710208
97961987267019248
-78998482977126528
-502398128116306368
40989756220718736
-1383592292282690816
-654232445811361024
494212196988972032
-176515054577434528
-183966325219057440
498740553970255104
354280342018041792
-400227641503478400
-670331722535714432
-1016973091965183872
806863173211295488
435849877543775872
191897227126052384
443025414511729024
680376259820342656
382128489765676736
-1063798951639705088
-103240066242431024
-672986844300841728
4779181144555189
-75536114428814768
744107544916103296
-560800078985399360
1280781684657502464
339792815196594048
62311962719193976
-235215454596876512
495307314192798400
-286739631393514112
179635774814639488
-572763489658610368
323703474848964032
-1246081866029721600
-23868612521457620
134229202273140544
-686272553716279424
671204229228897152
-631559465062040960
-537994305000355200
215592227502434912
-533329583958228352
317445373893207296
-996041700178855808
257524208775705088
142698708743371168
-50887571474009472
464115172174119616
-942924384070069760
-146217189709863264
94684543954505504
529842331387330816
183553997951805760
182348967776348160
-410334736444320064
-466042180024079744
-582796746792419456
8433695820508775
-342298171998137472
-116909081418035712
749266448731017856
23087582967709980
1138002638221063424
-642815341476741376
-915685779326633600
481239018527737344
-2095809175282926080
1282889131447652352
-66425730578970952
341466178809174080
-1055697910096611328
-309399945528349568
611331977846622592
-1087566297245471488
-746591363463252608
212285938880953536
1055815034603451520
-101869080619805872
-780725600034754944
-1254749899763166976
270232853218913632
-335682737013662016
648209564887291264
-80136249324736880
-543122092497206336
-335976959175510720
1686176527440421376
444513025756431424
-285057106036761056
-275666421115428704
1677356620919125504
-641137524516839296
-104794697015678896
-258150008487812992
564744290840164288
103699101885374448
-1644751704152932608
-933012803322892288
-560036414692999360
-727084375262770688
609252922909311744
-636938668975096064
-513619018554365632
534326380120267392
-20109241739789068
527544374382502208
-1301286509837760512
-69095073960454200
248317512213343840
-1684625480150304256
48850760232022368
1051611284132371712
-464055676020639872
-586126920627801600
-320162024355704256
-858244051993802240
1984974343654524672
-327909126188405568
112657420205438160
-2204644718964518400
631100483931028864
-231820971365168608
230370021857106016
-201170569113947680
291442313247324672
14501511642067420
-1395954713540440320
382285959331820288
734659940678023040
-481095841608188288
140889137444653280
-447795483897794176
-427106712347405440
-173590221208419968
386052366944169280
197176124602663552
-1122413206855470848
583994680870753920
-76955190726094832
-48724601491249752
-523320697601037888
-472993734647213120
497452996248625600
-42709813190555888
153882481116333664
331857918156503104
-1130766534222710016
17532621486646406
420600610857636608
-215910174134779904
-3132286831102419968
-261411944671065600
218308894151067680
690071184323213824
536998107299538432
662070890245298688
-88166913747938784
22961074067195604
408767769895163328
-258563988242006144
-150001571457217952
411557784272940288
-94226640051783360
-95147468887406240
264472174912292352
300789599064925376
-802531850226681344
-578115603232727936
1437907565013217792
330910000615631616
-3346026258036893696
-197553211730587712
582793403457893248
-125294960853181728
231800434315460544
699781332138691456
838125731345957376
18292332184947800
377932953473411584
-388089745062041408
-2163666553768653824
179004706844011904
-307475452126232576
-371369826294295488
189361559217758176
70993969790452456
553335759608847744
-74696104774815840
887526718493930240
473040938840225792
-3372928816511723520
995005167252092928
266455786764280128
131967546912242960
652092380249034112
562243374637175616
368183194437432192
-25960018244346808
49883071476910848
-297195827249397376
-988364117905452288
629591877910617856
-730660151837348608
-355675173160816256
314653130721134592
208561595862930688
369540464001811904
-249626869236620032
134790370900513104
-947484452672736896
173771068201802080
-278199084037653216
-325195411660233920
457285105078195712
-184253082211225664
-530614654681853760
261681341985879168
285239448140127168
249702092612547328
1118524495233030400
-377464131775745088
83859912261149376
-924747499081880832
301450864624445888
558997421680118976
-1448562369288570624
-497708333730532736
1075727673713267968
-348045026019698432
-577254806709905024
365831943922405696
20077815416621032
700796949149758592
-85347218177057632
-218812490715667840
-556299751775605888
133172359792235984
160233417742075904
277216614768278400
11824782421787190
-187683503144462080
-286665297989979744
34893503556012680
-281142178384204320
-109189378973723616
-498389967154562944
-519164943794154112
759108289837092224
-977839541813258880
833046440992495360
-330856544424962560
-987017997289399936
-168181249206293536
-404232398826629184
1008076442106600064
-505560313703205248
870733353934644736
292475151014037760
-453342979423640384
-492769940406643456
-223958218085897024
-512531650979846464
461490819809083264
199856793196993408
-873920860929654144
663671740363170560
-484436220050946816
464010381861261248
-613297005823306496
-1038103050817357440
-21496123496362132
-455038936988883520
-197793619577635520
-3462134926780748
531688526203098176
424418609011491968
734697106691329920
-517676140467986112
-166839127459110080
1392339508167571968
3749974905890382
-335293969553116864
662188240551907840
-484671967228454848
429225621196530496
181305243523331232
532018683592492160
-243540522812424000
-288465128374685696
130743006378009744
303053503154147200
-451675030524220864
-240461813397012096
-178450459627115040
613984832503573760
-16457697600121478
1061112045619141120
-424159552994683840
63556459873619512
303910737390867136
-163069055366577088
-1025179147012743680
-207357561847351424
9967728774230622
760889187568350976
-234443210712325440
-1447716416112018944
98938041759811824
-145778727675154624
-979127727520665088
-76832452027544384
209787740050172864
362323374217893632
-51785046638419656
-52292878127348304
748636535179861376
263454878595688064
-220021000923988192
209422798438740160
-402157742178193216
-27089709304363380
580370555240740352
350635216952969792
940412153089039104
-965067368076630784
92448647508560704
-954679458390203904
-934959586750146048
292182843855980416
835567919305288192
763893198771390976
-1459460004105525760
1001315679019959296
-120878465566966384
-998712538509963904
888353455159579136
-1772792661045935360
-153663308746159520
-93549243041062400
262739297448039904
508739744795747072
-429333593806364224
-355865192992912640
255217979727292224
304361647770379328
-125512686226495632
-450629041769409024
-747060879807817728
424829898245890688
803809756321412224
168512156847863744
-10406938203668294
512036858673686464
-196104434432790400
-250602132688871296
-145344138985074432
264992178544278176
-321933756538844672
-308157211100084800
914903472123332736
-26934307394195952
78071101784393744
-664681645449982720
-100426966400467712
538244030556824640
287610107592495936
-86646400302970688
-194506433889872576
244450366170105152
616920576483476224
-526407738871338496
162359578354840416
-618839101640305408
300870983544312640
565305323295837696
272762511090805664
-701318094666098432
-162332716224259776
384776754181680704
-936217361885426944
322842897194829184
-772372280863271424
-141591722781047648
183832837683321024
-316366542478105152
817282259149682816
-578606058264135424
-556898191718392512
537085336817827968
671760254945481472
-1007318160687666816
-232131346079616736
292675527624173376
709763825236392192
-467721080267044672
-654044743820960512
-327765368643967040
365816531796089216
-172799918408489376
-406349033552787008
-1315489360129449984
692714020724057856
824825580002268416
-640430768286761728
-364971644201614848
1220021288093817088
1147694402549752320
-2133784058497737472
-42735296455212160
-805944306263766528
-454176741016281280
-182945591336193696
-58717614074874608
-69051148183891760
-56476558058459272
291228923719365760
243792954477608736
-1155123251083515136
-161285936097772096
-672125003754527104
-303945806950411968
-355314718945676608
-704108516721256192
-487018876535316032
56424464656103400
-460697616398568576
107652419944660640
25024550301622080
314740146721280832
-573316238836963776
530369213576453440
-705802480123086208
-243439795197669696
7484039133839101
-257570809826476448
-603806607916844928
493173316096179520
32285919929816764
-4556884801037040
529060267096690944
-16215022568740960
615151929725559680
225809589843079264
-109442386832715840
65050463688191408
-494978449814397504
136210400081979920
-712370044830008704
238019532104667744
-538519515506370880
-193511483195642400
-530303521753000640
195032222252369888
-455229934496233408
750489099862385152
14952169785448360
893929348661554944
228159976639955520
398615837808865344
3237484196798236160
68400426378720216
-343714633242525888
977837566273477760
-371425869129666240
814873174203589504
-1282787284559041792
-305869087872627392
-957738329311235584
-676765566557491840
633799469274257024
202273629603401056
-1699248593140001536
458861677124899200
-1497768672641406464
79820370759934880
1000048157219413376
-576243071912991808
323916788169796224
-292818099302418496
-104001550833105968
75278229699714432
315648701481327936
-430912155113206976
11596104663163130
666402322549410816
-839700359571144704
336956233312865152
44560004058095688
-558390990953971968
-103898024580310688
-831938139443164544
-226350224017287008
341211652795869312
-631065090730412032
853839633434832512
242313391121462816
-274122611190824928
-1188768857143090944
-272571359377509408
980260572404831488
-149479107629363648
-1433220141884730880
1366292565438889984
-2294023134135817728
26044318773301664
1018591694026614656
-1683742920505528064
317093349255897408
-1569321115534786304
-1347390638178233600
397531976914337536
2544887937201041
-292237976862614976
512370356640578816
2694247578241552896
521267351925571904
-1537425911094615040
-649691069741020032
356132062485099520
-1286430685029692160
683615766271761280
-286847999155213248
247795835608513920
245653300621306528
-817174101388203008
-1977757854291389952
1229738206965383936
-1427086937457733376
23075298083252184
-1991214989927885312
1189108457700318976
80869802341941104
-785267783009847936
115757720567770160
795089860194253952
-879340730349853056
-567594987226461760
-39590265932706680
85791215668554016
-1956793429734845952
779797944727242112
367919664385871232
-613551666017085824
-100490624518550064
1208687779003976960
-409391578386017664
-460207704366631296
-537180199786301632
164707809623779232
-1534451445139873024
1123328193042640256
246471092080835776
-595113678705658880
137856930603718832
427742559124607616
300666880100021632
-390538822851961728
-752219638864003840
139689449375790704
-1196583216164045056
55142536722896048
-97238793047966336
-170163562521980160
-702607070171570944
515648590502196544
33330217367211532
133715389294715376
-465271506691717632
14991819906601452
-889760064176359296
-552518865019222272
-491250345810773760
-486012223480309888
174439746918447264
-757134995360823296
183838186367861056
91891577830964224
-632777098466506112
-42282006682129608
-579207895415799808
-1871855032461416192
970289680506944512
-1174529226769348096
-207517468887762656
1013388108126680960
202201645417366208
249219019633781472
-330775779863309760
-11871673468833134
-72643888806164880
468722547469798208
-131246610357239632
-565436829421256704
27349630737373564
-740313690323079168
324825167396110592
-38542239587570152
-535028399107157120
226148837204940832
62413379952501640
-395502304875235072
-39539273434315224
-155317551882301376
719583078581480320
-97335349648884128
207300088649282432
549930964762902848
-1023422591778070656
-365951006869047488
-673705028847291136
952511449511779584
-711125098566079104
212822667473155040
30550137560705744
-151535307653485152
-27851201862976756
223318660221301376
-747189102746956288
-100086124128428784
-184788482937645792
1123923798092211328
-214839934276281024
391360662268028992
-448024758884002304
398810187546702848
-257016544055458688
-228836749792091328
-607023350540324864
-210064899915429728
-907254568066036608
-34807413984809420
-471412264047787712
-603078222653264256
-316058386646662400
-101903893772233264
-293019959072805376
-102396227537602784
-116681319202637280
-324330689589023552
-857901309883943808
-230066267785523360
-464726935635669568
-334576782327657088
-450586054311412672
8980862331669551
-405904357215623360
-225499174746623904
-6783579297929021
-266225474322426848
-769830960889719040
-154037082740666688
-62540764956902112
-144622755449400864
-505051569161842880
72022912695914680
-1025199283740758784
67752206785964144
221927315314492800
-427798041539503552
314495647489571584
1044129047492872192
-81557875727382384
-183330897517542752
396615645453769536
537709808320498880
-520178706613614720
-159025900433678592
-302616152041223616
674250733222052608
1203309576256121088
497153270465907456
418545309085662464
1609432619272733440
-314466460536239104
-1073648444720803328
-2420822354757403136
715521677384991488
-2042650417879772160
328561548545993280
1250722314840030720
1753657400649323264
722842210340728192
109563045440211888
81175804690965760
-15095696891367474
-2310219554627592192
108531350618952672
-2103722929759695872
-227403744978689280
485215442690689280
-823142650138831360
-326467954413048832
1987927184628045568
-1188695895141606912
-318004535708042944
-365080097446989824
1141670394477104384
-770825003092110208
182791573539164640
1362043216107531520
-6488694465078936
-7833436707083726
208402216358504896
562523651122309376
-1100702385844612480
-1065165471371372672
672433393279283328
396637607106575168
-798606409395399424
-1149615909088718976
981763102656195840
322334562915424960
-483579854703261760
-126447725519159920
-1156727310591348480
121482114620758064
34796902479094168
455548988063371648
404077313762829568
-103637242967143648
-758951299160136832
335349360327582208
1532570482830703872
-622942862580121344
-999399873232377088
-1281774698101127936
706338448455498112
232189335239627072
351222630873762240
2339445876158818304
923081150689852032
306291680433190208
-802156343078501888
-465757984833668800
1562037045997840384
-628923747045101824
-544031783138388800
-341187990522339904
355661423732487488
2494170719251874816
-435577334500546752
-435771995548957632
2716624734167621632
-130867308416229440
-218314797775058304
-2175994774023079168
-511460683292861184
-2191647855583395840
-149457604831316672
629568281278818048
859257875872066048
-86767051572569728
-906368648391923456
-553572754210544640
1154479069582467584
-702428759637797248
-645008609852207744
-934345210549504128
-540710502407315008
-388494951077063616
-652472093099634816
-32242563348026244
1325339447657847296
-188098789361460192
405828042952808704
-556059717879609728
-292784048045317120
-312045102038971904
253671768952439104
235226930288139808
1838494284263308032
-445200546005989632
-1303637377532955648
275180675791035808
544811884064651648
-1626797669589665536
-489780739113565312
-1030528808721310208
229208445894596576
-7587570377986424
483041287908164736
-89420483380729360
-447050713695278080
829102111433593216
-91729468562847648
-929696139027743872
-612441437640132224
-590038177255142144
449623899597008896
-111893299543843952
-809158809105922688
368182311514612928
-936596281415422080
-58140772224297960
851580795483448192
306783836644889024
269219469716487232
279948371158607008
-60897046671239216
-610014425751079424
790195702022669824
-184864291858699712
-910121134464579840
719475472562296576
-442274581549362176
879686211216177152
-150471262908073600
-1311069877840435968
-399131996622947840
-683765500877866752
90677693511114688
-497310064094522368
-269903757811537408
-259773618445314784
-75973283047893888
-211992660401269088
43964369609725128
-128535049146911840
-256218439468651680
-593597275283763968
-789010390444014976
-158853970668899520
-431526291815618816
-201320237792373600
190335225865379744
-74314368531447104
56464484172901696
-559286346756427904
-167333570985412128
-862103767775567104
-362779422647226112
-225721839240888576
-609672287677228800
-249410314087820992
-1370152596084511
-224816248054914304
-97010633716651984
-329699136658530880
